DateTime, Sensor, Temperature (Celcius), Pressure (hPa))
2017-05-15 00:00:01 +0800, BMP280, 26.869686, 1012.446289
2017-05-15 00:00:31 +0800, BMP280, 26.859648, 1012.478516
2017-05-15 00:01:01 +0800, BMP280, 26.854630, 1012.453918
2017-05-15 00:01:31 +0800, BMP280, 26.868681, 1012.444580
2017-05-15 00:02:01 +0800, BMP280, 26.871693, 1012.433289
2017-05-15 00:02:31 +0800, BMP280, 26.871693, 1012.422363
2017-05-15 00:03:01 +0800, BMP280, 26.872696, 1012.440369
2017-05-15 00:03:31 +0800, BMP280, 26.870689, 1012.415283
2017-05-15 00:04:01 +0800, BMP280, 26.865671, 1012.406982
2017-05-15 00:04:31 +0800, BMP280, 26.851618, 1012.383545
2017-05-15 00:05:01 +0800, BMP280, 26.845596, 1012.384399
2017-05-15 00:05:31 +0800, BMP280, 26.857641, 1012.420776
2017-05-15 00:06:01 +0800, BMP280, 26.861656, 1012.394836
2017-05-15 00:06:31 +0800, BMP280, 26.866674, 1012.381409
2017-05-15 00:07:01 +0800, BMP280, 26.864666, 1012.416138
2017-05-15 00:07:31 +0800, BMP280, 26.857641, 1012.404480
2017-05-15 00:08:01 +0800, BMP280, 26.846600, 1012.375183
2017-05-15 00:08:31 +0800, BMP280, 26.834555, 1012.382385
2017-05-15 00:09:01 +0800, BMP280, 26.835558, 1012.422180
2017-05-15 00:09:31 +0800, BMP280, 26.847603, 1012.387817
2017-05-15 00:10:01 +0800, BMP280, 26.850615, 1012.409180
2017-05-15 00:10:31 +0800, BMP280, 26.850615, 1012.381897
2017-05-15 00:11:01 +0800, BMP280, 26.832548, 1012.357300
2017-05-15 00:11:31 +0800, BMP280, 26.835558, 1012.356812
2017-05-15 00:12:01 +0800, BMP280, 26.836563, 1012.347595
2017-05-15 00:12:31 +0800, BMP280, 26.820503, 1012.320801
2017-05-15 00:13:01 +0800, BMP280, 26.817492, 1012.337524
2017-05-15 00:13:32 +0800, BMP280, 26.826525, 1012.336304
2017-05-15 00:14:02 +0800, BMP280, 26.832548, 1012.324585
2017-05-15 00:14:32 +0800, BMP280, 26.832548, 1012.291931
2017-05-15 00:15:02 +0800, BMP280, 26.819498, 1012.280945
2017-05-15 00:15:32 +0800, BMP280, 26.830540, 1012.310364
2017-05-15 00:16:02 +0800, BMP280, 26.843588, 1012.272217
2017-05-15 00:16:32 +0800, BMP280, 26.840578, 1012.256287
2017-05-15 00:17:02 +0800, BMP280, 26.851618, 1012.236572
2017-05-15 00:17:32 +0800, BMP280, 26.856636, 1012.212341
2017-05-15 00:18:02 +0800, BMP280, 26.854630, 1012.236267
2017-05-15 00:18:32 +0800, BMP280, 26.844591, 1012.186829
2017-05-15 00:19:02 +0800, BMP280, 26.834555, 1012.191833
2017-05-15 00:19:32 +0800, BMP280, 26.818495, 1012.192261
2017-05-15 00:20:02 +0800, BMP280, 26.803440, 1012.172668
2017-05-15 00:20:32 +0800, BMP280, 26.799425, 1012.138794
2017-05-15 00:21:02 +0800, BMP280, 26.806450, 1012.145020
2017-05-15 00:21:32 +0800, BMP280, 26.823513, 1012.108093
2017-05-15 00:22:02 +0800, BMP280, 26.829536, 1012.140015
2017-05-15 00:22:32 +0800, BMP280, 26.839573, 1012.129456
2017-05-15 00:23:02 +0800, BMP280, 26.829536, 1012.085571
2017-05-15 00:23:32 +0800, BMP280, 26.829536, 1012.080139
2017-05-15 00:24:02 +0800, BMP280, 26.844591, 1012.077942
2017-05-15 00:24:32 +0800, BMP280, 26.842585, 1012.074646
2017-05-15 00:25:02 +0800, BMP280, 26.841581, 1012.100098
2017-05-15 00:25:32 +0800, BMP280, 26.829536, 1012.041992
2017-05-15 00:26:02 +0800, BMP280, 26.813477, 1012.037048
2017-05-15 00:26:32 +0800, BMP280, 26.811468, 1012.049988
2017-05-15 00:27:02 +0800, BMP280, 26.825521, 1012.035339
2017-05-15 00:27:32 +0800, BMP280, 26.818495, 1012.029053
2017-05-15 00:28:02 +0800, BMP280, 26.819498, 1012.019714
2017-05-15 00:28:32 +0800, BMP280, 26.811468, 1012.044556
2017-05-15 00:29:02 +0800, BMP280, 26.810465, 1012.037415
2017-05-15 00:29:32 +0800, BMP280, 26.816488, 1012.042053
2017-05-15 00:30:02 +0800, BMP280, 26.812473, 1012.013489
2017-05-15 00:30:32 +0800, BMP280, 26.804443, 1012.043701
2017-05-15 00:31:02 +0800, BMP280, 26.798420, 1012.050049
2017-05-15 00:31:32 +0800, BMP280, 26.790390, 1012.036621
2017-05-15 00:32:02 +0800, BMP280, 26.798420, 1012.033691
2017-05-15 00:32:32 +0800, BMP280, 26.795410, 1012.017761
2017-05-15 00:33:02 +0800, BMP280, 26.789387, 1012.045837
2017-05-15 00:33:32 +0800, BMP280, 26.794405, 1012.048828
2017-05-15 00:34:02 +0800, BMP280, 26.809462, 1012.024902
2017-05-15 00:34:33 +0800, BMP280, 26.802435, 1012.083923
2017-05-15 00:35:03 +0800, BMP280, 26.806450, 1012.047058
2017-05-15 00:35:33 +0800, BMP280, 26.799425, 1012.040833
2017-05-15 00:36:03 +0800, BMP280, 26.799425, 1012.024536
2017-05-15 00:36:33 +0800, BMP280, 26.773327, 1012.040894
2017-05-15 00:37:03 +0800, BMP280, 26.769312, 1012.007080
2017-05-15 00:37:33 +0800, BMP280, 26.758272, 1012.048401
2017-05-15 00:38:03 +0800, BMP280, 26.760279, 1012.024597
2017-05-15 00:38:33 +0800, BMP280, 26.773327, 1012.040894
2017-05-15 00:39:03 +0800, BMP280, 26.784369, 1012.037415
2017-05-15 00:39:33 +0800, BMP280, 26.767305, 1011.998230
2017-05-15 00:40:03 +0800, BMP280, 26.765297, 1012.000366
2017-05-15 00:40:33 +0800, BMP280, 26.780354, 1012.019958
2017-05-15 00:41:03 +0800, BMP280, 26.769312, 1012.023376
2017-05-15 00:41:33 +0800, BMP280, 26.766302, 1012.012939
2017-05-15 00:42:03 +0800, BMP280, 26.769312, 1011.974487
2017-05-15 00:42:33 +0800, BMP280, 26.767305, 1012.009155
2017-05-15 00:43:03 +0800, BMP280, 26.772324, 1012.001160
2017-05-15 00:43:33 +0800, BMP280, 26.772324, 1011.979492
2017-05-15 00:44:03 +0800, BMP280, 26.770315, 1012.003235
2017-05-15 00:44:33 +0800, BMP280, 26.758272, 1011.983154
2017-05-15 00:45:03 +0800, BMP280, 26.771320, 1011.988647
2017-05-15 00:45:33 +0800, BMP280, 26.758272, 1011.961304
2017-05-15 00:46:03 +0800, BMP280, 26.751245, 1011.944275
2017-05-15 00:46:33 +0800, BMP280, 26.745222, 1011.923218
2017-05-15 00:47:03 +0800, BMP280, 26.747231, 1011.937500
2017-05-15 00:47:33 +0800, BMP280, 26.761282, 1011.890259
2017-05-15 00:48:03 +0800, BMP280, 26.766302, 1011.920410
2017-05-15 00:48:33 +0800, BMP280, 26.755260, 1011.907410
2017-05-15 00:49:03 +0800, BMP280, 26.748234, 1011.884766
2017-05-15 00:49:33 +0800, BMP280, 26.748234, 1011.873901
2017-05-15 00:50:03 +0800, BMP280, 26.739201, 1011.853455
2017-05-15 00:50:33 +0800, BMP280, 26.729164, 1011.853027
2017-05-15 00:51:03 +0800, BMP280, 26.728159, 1011.873169
2017-05-15 00:51:33 +0800, BMP280, 26.720129, 1011.848999
2017-05-15 00:52:03 +0800, BMP280, 26.730167, 1011.843811
2017-05-15 00:52:33 +0800, BMP280, 26.746227, 1011.821594
2017-05-15 00:53:03 +0800, BMP280, 26.747231, 1011.823303
2017-05-15 00:53:33 +0800, BMP280, 26.744219, 1011.840088
2017-05-15 00:54:03 +0800, BMP280, 26.743216, 1011.805725
2017-05-15 00:54:33 +0800, BMP280, 26.753252, 1011.849609
2017-05-15 00:55:04 +0800, BMP280, 26.765297, 1011.853394
2017-05-15 00:55:34 +0800, BMP280, 26.758272, 1011.847107
2017-05-15 00:56:04 +0800, BMP280, 26.764294, 1011.846313
2017-05-15 00:56:34 +0800, BMP280, 26.765297, 1011.869751
2017-05-15 00:57:04 +0800, BMP280, 26.755260, 1011.842041
2017-05-15 00:57:34 +0800, BMP280, 26.763290, 1011.839172
2017-05-15 00:58:04 +0800, BMP280, 26.755260, 1011.825745
2017-05-15 00:58:34 +0800, BMP280, 26.758272, 1011.847107
2017-05-15 00:59:04 +0800, BMP280, 26.751245, 1011.835449
2017-05-15 00:59:34 +0800, BMP280, 26.760279, 1011.817810
2017-05-15 01:00:04 +0800, BMP280, 26.768309, 1011.793213
2017-05-15 01:00:34 +0800, BMP280, 26.771320, 1011.781860
2017-05-15 01:01:04 +0800, BMP280, 26.750242, 1011.790222
2017-05-15 01:01:34 +0800, BMP280, 26.754257, 1011.769714
2017-05-15 01:02:04 +0800, BMP280, 26.769312, 1011.805725
2017-05-15 01:02:34 +0800, BMP280, 26.763290, 1011.790222
2017-05-15 01:03:04 +0800, BMP280, 26.758272, 1011.787170
2017-05-15 01:03:34 +0800, BMP280, 26.762287, 1011.772217
2017-05-15 01:04:04 +0800, BMP280, 26.749237, 1011.772156
2017-05-15 01:04:34 +0800, BMP280, 26.729164, 1011.766052
2017-05-15 01:05:04 +0800, BMP280, 26.727156, 1011.778992
2017-05-15 01:05:34 +0800, BMP280, 26.725149, 1011.759338
2017-05-15 01:06:04 +0800, BMP280, 26.742212, 1011.727844
2017-05-15 01:06:34 +0800, BMP280, 26.731171, 1011.752991
2017-05-15 01:07:04 +0800, BMP280, 26.722137, 1011.754395
2017-05-15 01:07:34 +0800, BMP280, 26.703066, 1011.727905
2017-05-15 01:08:04 +0800, BMP280, 26.718122, 1011.742188
2017-05-15 01:08:34 +0800, BMP280, 26.727156, 1011.686523
2017-05-15 01:09:04 +0800, BMP280, 26.730167, 1011.724121
2017-05-15 01:09:34 +0800, BMP280, 26.738197, 1011.704834
2017-05-15 01:10:04 +0800, BMP280, 26.740204, 1011.670044
2017-05-15 01:10:34 +0800, BMP280, 26.728159, 1011.720825
2017-05-15 01:11:04 +0800, BMP280, 26.710093, 1011.712463
2017-05-15 01:11:34 +0800, BMP280, 26.694033, 1011.696533
2017-05-15 01:12:04 +0800, BMP280, 26.694033, 1011.691101
2017-05-15 01:12:34 +0800, BMP280, 26.692026, 1011.693237
2017-05-15 01:13:04 +0800, BMP280, 26.701059, 1011.681030
2017-05-15 01:13:34 +0800, BMP280, 26.696041, 1011.688965
2017-05-15 01:14:04 +0800, BMP280, 26.697044, 1011.679871
2017-05-15 01:14:34 +0800, BMP280, 26.704069, 1011.691528
2017-05-15 01:15:04 +0800, BMP280, 26.706078, 1011.694885
2017-05-15 01:15:35 +0800, BMP280, 26.691021, 1011.686096
2017-05-15 01:16:05 +0800, BMP280, 26.683996, 1011.663513
2017-05-15 01:16:35 +0800, BMP280, 26.689014, 1011.666443
2017-05-15 01:17:05 +0800, BMP280, 26.684999, 1011.687012
2017-05-15 01:17:35 +0800, BMP280, 26.693029, 1011.629578
2017-05-15 01:18:05 +0800, BMP280, 26.699051, 1011.672302
2017-05-15 01:18:35 +0800, BMP280, 26.694033, 1011.642151
2017-05-15 01:19:05 +0800, BMP280, 26.687006, 1011.625000
2017-05-15 01:19:35 +0800, BMP280, 26.683996, 1011.630859
2017-05-15 01:20:05 +0800, BMP280, 26.688011, 1011.626709
2017-05-15 01:20:35 +0800, BMP280, 26.698048, 1011.605347
2017-05-15 01:21:05 +0800, BMP280, 26.683996, 1011.603699
2017-05-15 01:21:35 +0800, BMP280, 26.690018, 1011.591919
2017-05-15 01:22:05 +0800, BMP280, 26.681988, 1011.567688
2017-05-15 01:22:35 +0800, BMP280, 26.680984, 1011.582397
2017-05-15 01:23:05 +0800, BMP280, 26.696041, 1011.563904
2017-05-15 01:23:35 +0800, BMP280, 26.687006, 1011.565125
2017-05-15 01:24:05 +0800, BMP280, 26.686003, 1011.525452
2017-05-15 01:24:35 +0800, BMP280, 26.672955, 1011.585327
2017-05-15 01:25:05 +0800, BMP280, 26.678976, 1011.579102
2017-05-15 01:25:35 +0800, BMP280, 26.701059, 1011.621216
2017-05-15 01:26:05 +0800, BMP280, 26.715111, 1011.590210
2017-05-15 01:26:35 +0800, BMP280, 26.715111, 1011.546753
2017-05-15 01:27:05 +0800, BMP280, 26.712099, 1011.568909
2017-05-15 01:27:35 +0800, BMP280, 26.700056, 1011.592346
2017-05-15 01:28:05 +0800, BMP280, 26.692026, 1011.595215
2017-05-15 01:28:35 +0800, BMP280, 26.695036, 1011.578552
2017-05-15 01:29:05 +0800, BMP280, 26.701059, 1011.642944
2017-05-15 01:29:35 +0800, BMP280, 26.701059, 1011.621277
2017-05-15 01:30:05 +0800, BMP280, 26.688011, 1011.561462
2017-05-15 01:30:35 +0800, BMP280, 26.686003, 1011.503601
2017-05-15 01:31:05 +0800, BMP280, 26.684999, 1011.550964
2017-05-15 01:31:35 +0800, BMP280, 26.683996, 1011.560181
2017-05-15 01:32:05 +0800, BMP280, 26.692026, 1011.540894
2017-05-15 01:32:35 +0800, BMP280, 26.683996, 1011.522095
2017-05-15 01:33:05 +0800, BMP280, 26.684999, 1011.469360
2017-05-15 01:33:35 +0800, BMP280, 26.680984, 1011.478943
2017-05-15 01:34:05 +0800, BMP280, 26.678976, 1011.470276
2017-05-15 01:34:35 +0800, BMP280, 26.689014, 1011.465088
2017-05-15 01:35:05 +0800, BMP280, 26.703066, 1011.445068
2017-05-15 01:35:35 +0800, BMP280, 26.715111, 1011.459717
2017-05-15 01:36:06 +0800, BMP280, 26.710093, 1011.473022
2017-05-15 01:36:36 +0800, BMP280, 26.705074, 1011.442871
2017-05-15 01:37:06 +0800, BMP280, 26.709089, 1011.476807
2017-05-15 01:37:36 +0800, BMP280, 26.702063, 1011.497681
2017-05-15 01:38:06 +0800, BMP280, 26.699051, 1011.476379
2017-05-15 01:38:36 +0800, BMP280, 26.713104, 1011.505310
2017-05-15 01:39:06 +0800, BMP280, 26.723141, 1011.500183
2017-05-15 01:39:36 +0800, BMP280, 26.711096, 1011.463867
2017-05-15 01:40:06 +0800, BMP280, 26.697044, 1011.462219
2017-05-15 01:40:36 +0800, BMP280, 26.683996, 1011.500305
2017-05-15 01:41:06 +0800, BMP280, 26.679981, 1011.510010
2017-05-15 01:41:36 +0800, BMP280, 26.689014, 1011.535828
2017-05-15 01:42:06 +0800, BMP280, 26.683996, 1011.462219
2017-05-15 01:42:36 +0800, BMP280, 26.690018, 1011.515808
2017-05-15 01:43:06 +0800, BMP280, 26.707081, 1011.484375
2017-05-15 01:43:36 +0800, BMP280, 26.714108, 1011.458008
2017-05-15 01:44:06 +0800, BMP280, 26.715111, 1011.459656
2017-05-15 01:44:36 +0800, BMP280, 26.704069, 1011.414062
2017-05-15 01:45:06 +0800, BMP280, 26.720129, 1011.429993
2017-05-15 01:45:36 +0800, BMP280, 26.721134, 1011.415405
2017-05-15 01:46:06 +0800, BMP280, 26.734182, 1011.426147
2017-05-15 01:46:36 +0800, BMP280, 26.728159, 1011.410706
2017-05-15 01:47:06 +0800, BMP280, 26.724144, 1011.409485
2017-05-15 01:47:36 +0800, BMP280, 26.710093, 1011.396851
2017-05-15 01:48:06 +0800, BMP280, 26.702063, 1011.410706
2017-05-15 01:48:36 +0800, BMP280, 26.702063, 1011.378052
2017-05-15 01:49:06 +0800, BMP280, 26.705074, 1011.383057
2017-05-15 01:49:36 +0800, BMP280, 26.702063, 1011.394409
2017-05-15 01:50:06 +0800, BMP280, 26.700056, 1011.396545
2017-05-15 01:50:36 +0800, BMP280, 26.707081, 1011.397400
2017-05-15 01:51:06 +0800, BMP280, 26.707081, 1011.429932
2017-05-15 01:51:36 +0800, BMP280, 26.698048, 1011.382263
2017-05-15 01:52:06 +0800, BMP280, 26.696041, 1011.400635
2017-05-15 01:52:36 +0800, BMP280, 26.690018, 1011.445068
2017-05-15 01:53:06 +0800, BMP280, 26.691021, 1011.446655
2017-05-15 01:53:36 +0800, BMP280, 26.704069, 1011.430298
2017-05-15 01:54:06 +0800, BMP280, 26.708084, 1011.426147
2017-05-15 01:54:36 +0800, BMP280, 26.714108, 1011.398254
2017-05-15 01:55:06 +0800, BMP280, 26.706078, 1011.384766
2017-05-15 01:55:36 +0800, BMP280, 26.697044, 1011.429626
2017-05-15 01:56:06 +0800, BMP280, 26.702063, 1011.383545
2017-05-15 01:56:37 +0800, BMP280, 26.712099, 1011.389404
2017-05-15 01:57:07 +0800, BMP280, 26.719126, 1011.379272
2017-05-15 01:57:37 +0800, BMP280, 26.711096, 1011.382263
2017-05-15 01:58:07 +0800, BMP280, 26.699051, 1011.356750
2017-05-15 01:58:37 +0800, BMP280, 26.698048, 1011.344238
2017-05-15 01:59:07 +0800, BMP280, 26.696041, 1011.324524
2017-05-15 01:59:37 +0800, BMP280, 26.690018, 1011.314453
2017-05-15 02:00:07 +0800, BMP280, 26.672955, 1011.275269
2017-05-15 02:00:37 +0800, BMP280, 26.667936, 1011.288696
2017-05-15 02:01:07 +0800, BMP280, 26.662918, 1011.242188
2017-05-15 02:01:37 +0800, BMP280, 26.668940, 1011.252258
2017-05-15 02:02:07 +0800, BMP280, 26.674961, 1011.251404
2017-05-15 02:02:37 +0800, BMP280, 26.680984, 1011.250488
2017-05-15 02:03:07 +0800, BMP280, 26.666933, 1011.238098
2017-05-15 02:03:37 +0800, BMP280, 26.668940, 1011.241394
2017-05-15 02:04:07 +0800, BMP280, 26.659906, 1011.231750
2017-05-15 02:04:37 +0800, BMP280, 26.661913, 1011.240540
2017-05-15 02:05:07 +0800, BMP280, 26.662918, 1011.242188
2017-05-15 02:05:37 +0800, BMP280, 26.660910, 1011.249756
2017-05-15 02:06:07 +0800, BMP280, 26.658903, 1011.241028
2017-05-15 02:06:37 +0800, BMP280, 26.659906, 1011.269836
2017-05-15 02:07:07 +0800, BMP280, 26.666933, 1011.232605
2017-05-15 02:07:37 +0800, BMP280, 26.673958, 1011.282349
2017-05-15 02:08:07 +0800, BMP280, 26.668940, 1011.257690
2017-05-15 02:08:37 +0800, BMP280, 26.678976, 1011.252686
2017-05-15 02:09:07 +0800, BMP280, 26.681988, 1011.301147
2017-05-15 02:09:37 +0800, BMP280, 26.682991, 1011.302795
2017-05-15 02:10:07 +0800, BMP280, 26.682991, 1011.302856
2017-05-15 02:10:37 +0800, BMP280, 26.684999, 1011.317017
2017-05-15 02:11:07 +0800, BMP280, 26.677973, 1011.338013
2017-05-15 02:11:37 +0800, BMP280, 26.689014, 1011.372742
2017-05-15 02:12:07 +0800, BMP280, 26.689014, 1011.340027
2017-05-15 02:12:37 +0800, BMP280, 26.677973, 1011.332581
2017-05-15 02:13:07 +0800, BMP280, 26.666933, 1011.357666
2017-05-15 02:13:37 +0800, BMP280, 26.653883, 1011.330505
2017-05-15 02:14:07 +0800, BMP280, 26.657898, 1011.326355
2017-05-15 02:14:37 +0800, BMP280, 26.646858, 1011.269836
2017-05-15 02:15:07 +0800, BMP280, 26.652880, 1011.339783
2017-05-15 02:15:37 +0800, BMP280, 26.653883, 1011.297913
2017-05-15 02:16:07 +0800, BMP280, 26.659906, 1011.264404
2017-05-15 02:16:37 +0800, BMP280, 26.657898, 1011.309998
2017-05-15 02:17:08 +0800, BMP280, 26.662918, 1011.269409
2017-05-15 02:17:38 +0800, BMP280, 26.649868, 1011.269470
2017-05-15 02:18:08 +0800, BMP280, 26.643847, 1011.210388
2017-05-15 02:18:38 +0800, BMP280, 26.641838, 1011.255981
2017-05-15 02:19:08 +0800, BMP280, 26.638828, 1011.229248
2017-05-15 02:19:38 +0800, BMP280, 26.640835, 1011.243469
2017-05-15 02:20:08 +0800, BMP280, 26.633810, 1011.226379
2017-05-15 02:20:38 +0800, BMP280, 26.635817, 1011.218811
2017-05-15 02:21:08 +0800, BMP280, 26.634813, 1011.206238
2017-05-15 02:21:38 +0800, BMP280, 26.642843, 1011.219604
2017-05-15 02:22:08 +0800, BMP280, 26.639832, 1011.220032
2017-05-15 02:22:38 +0800, BMP280, 26.646858, 1011.215454
2017-05-15 02:23:08 +0800, BMP280, 26.659906, 1011.220764
2017-05-15 02:23:38 +0800, BMP280, 26.668940, 1011.252258
2017-05-15 02:24:08 +0800, BMP280, 26.645853, 1011.208313
2017-05-15 02:24:38 +0800, BMP280, 26.648865, 1011.256897
2017-05-15 02:25:08 +0800, BMP280, 26.649868, 1011.242310
2017-05-15 02:25:38 +0800, BMP280, 26.650873, 1011.233032
2017-05-15 02:26:08 +0800, BMP280, 26.636820, 1011.236816
2017-05-15 02:26:38 +0800, BMP280, 26.628790, 1011.245178
2017-05-15 02:27:08 +0800, BMP280, 26.624775, 1011.260315
2017-05-15 02:27:38 +0800, BMP280, 26.616745, 1011.274109
2017-05-15 02:28:08 +0800, BMP280, 26.621765, 1011.260742
2017-05-15 02:28:38 +0800, BMP280, 26.619757, 1011.252014
2017-05-15 02:29:08 +0800, BMP280, 26.615742, 1011.288818
2017-05-15 02:29:38 +0800, BMP280, 26.612730, 1011.289246
2017-05-15 02:30:08 +0800, BMP280, 26.605705, 1011.261230
2017-05-15 02:30:38 +0800, BMP280, 26.608715, 1011.277039
2017-05-15 02:31:08 +0800, BMP280, 26.607712, 1011.275391
2017-05-15 02:31:38 +0800, BMP280, 26.606709, 1011.300903
2017-05-15 02:32:08 +0800, BMP280, 26.601690, 1011.254578
2017-05-15 02:32:38 +0800, BMP280, 26.602694, 1011.294373
2017-05-15 02:33:08 +0800, BMP280, 26.604702, 1011.270386
2017-05-15 02:33:38 +0800, BMP280, 26.613735, 1011.279968
2017-05-15 02:34:08 +0800, BMP280, 26.620760, 1011.286316
2017-05-15 02:34:38 +0800, BMP280, 26.619757, 1011.262878
2017-05-15 02:35:08 +0800, BMP280, 26.618753, 1011.266602
2017-05-15 02:35:38 +0800, BMP280, 26.627787, 1011.221802
2017-05-15 02:36:08 +0800, BMP280, 26.624775, 1011.205933
2017-05-15 02:36:38 +0800, BMP280, 26.626783, 1011.192932
2017-05-15 02:37:08 +0800, BMP280, 26.620760, 1011.144897
2017-05-15 02:37:39 +0800, BMP280, 26.616745, 1011.143616
2017-05-15 02:38:09 +0800, BMP280, 26.611727, 1011.140625
2017-05-15 02:38:39 +0800, BMP280, 26.608715, 1011.141052
2017-05-15 02:39:09 +0800, BMP280, 26.605705, 1011.114258
2017-05-15 02:39:39 +0800, BMP280, 26.603697, 1011.143677
2017-05-15 02:40:09 +0800, BMP280, 26.585630, 1011.118958
2017-05-15 02:40:39 +0800, BMP280, 26.590649, 1011.132690
2017-05-15 02:41:09 +0800, BMP280, 26.595667, 1011.135620
2017-05-15 02:41:39 +0800, BMP280, 26.595667, 1011.119324
2017-05-15 02:42:09 +0800, BMP280, 26.594664, 1011.150269
2017-05-15 02:42:39 +0800, BMP280, 26.596672, 1011.142761
2017-05-15 02:43:09 +0800, BMP280, 26.610723, 1011.155334
2017-05-15 02:43:39 +0800, BMP280, 26.602694, 1011.125671
2017-05-15 02:44:09 +0800, BMP280, 26.602694, 1011.136536
2017-05-15 02:44:39 +0800, BMP280, 26.595667, 1011.146545
2017-05-15 02:45:09 +0800, BMP280, 26.589645, 1011.141907
2017-05-15 02:45:39 +0800, BMP280, 26.583622, 1011.142822
2017-05-15 02:46:09 +0800, BMP280, 26.578604, 1011.128967
2017-05-15 02:46:39 +0800, BMP280, 26.575594, 1011.096863
2017-05-15 02:47:09 +0800, BMP280, 26.575594, 1011.113098
2017-05-15 02:47:39 +0800, BMP280, 26.577600, 1011.111023
2017-05-15 02:48:09 +0800, BMP280, 26.570574, 1011.115662
2017-05-15 02:48:39 +0800, BMP280, 26.569571, 1011.103088
2017-05-15 02:49:09 +0800, BMP280, 26.568567, 1011.096069
2017-05-15 02:49:39 +0800, BMP280, 26.566559, 1011.114441
2017-05-15 02:50:09 +0800, BMP280, 26.568567, 1011.101379
2017-05-15 02:50:39 +0800, BMP280, 26.569571, 1011.092346
2017-05-15 02:51:09 +0800, BMP280, 26.573586, 1011.115295
2017-05-15 02:51:39 +0800, BMP280, 26.587637, 1011.122253
2017-05-15 02:52:09 +0800, BMP280, 26.587637, 1011.111389
2017-05-15 02:52:39 +0800, BMP280, 26.590649, 1011.132690
2017-05-15 02:53:09 +0800, BMP280, 26.584627, 1011.122681
2017-05-15 02:53:39 +0800, BMP280, 26.584627, 1011.106384
2017-05-15 02:54:09 +0800, BMP280, 26.590649, 1011.110901
2017-05-15 02:54:39 +0800, BMP280, 26.587637, 1011.095032
2017-05-15 02:55:09 +0800, BMP280, 26.586634, 1011.120544
2017-05-15 02:55:39 +0800, BMP280, 26.578604, 1011.101807
2017-05-15 02:56:09 +0800, BMP280, 26.580612, 1011.105103
2017-05-15 02:56:39 +0800, BMP280, 26.583622, 1011.061157
2017-05-15 02:57:09 +0800, BMP280, 26.586634, 1011.077026
2017-05-15 02:57:39 +0800, BMP280, 26.590649, 1011.072937
2017-05-15 02:58:10 +0800, BMP280, 26.575594, 1011.064209
2017-05-15 02:58:40 +0800, BMP280, 26.568567, 1011.052490
2017-05-15 02:59:10 +0800, BMP280, 26.564552, 1011.040344
2017-05-15 02:59:40 +0800, BMP280, 26.564552, 1011.034912
2017-05-15 03:00:10 +0800, BMP280, 26.571579, 1011.030334
2017-05-15 03:00:40 +0800, BMP280, 26.572582, 1011.080933
2017-05-15 03:01:10 +0800, BMP280, 26.571579, 1011.041260
2017-05-15 03:01:40 +0800, BMP280, 26.568567, 1011.063477
2017-05-15 03:02:10 +0800, BMP280, 26.575594, 1011.020630
2017-05-15 03:02:40 +0800, BMP280, 26.574589, 1011.029907
2017-05-15 03:03:10 +0800, BMP280, 26.572582, 1011.064575
2017-05-15 03:03:40 +0800, BMP280, 26.571579, 1011.052063
2017-05-15 03:04:10 +0800, BMP280, 26.568567, 1011.041687
2017-05-15 03:04:40 +0800, BMP280, 26.569571, 1011.048767
2017-05-15 03:05:10 +0800, BMP280, 26.567564, 1011.018250
2017-05-15 03:05:40 +0800, BMP280, 26.567564, 1011.050842
2017-05-15 03:06:10 +0800, BMP280, 26.560537, 1011.044495
2017-05-15 03:06:40 +0800, BMP280, 26.562544, 1011.042419
2017-05-15 03:07:10 +0800, BMP280, 26.563549, 1011.038696
2017-05-15 03:07:40 +0800, BMP280, 26.561541, 1011.035339
2017-05-15 03:08:10 +0800, BMP280, 26.559534, 1010.999329
2017-05-15 03:08:40 +0800, BMP280, 26.558529, 1011.019470
2017-05-15 03:09:10 +0800, BMP280, 26.569571, 1011.037964
2017-05-15 03:09:40 +0800, BMP280, 26.567564, 1010.990967
2017-05-15 03:10:10 +0800, BMP280, 26.569571, 1011.016113
2017-05-15 03:10:40 +0800, BMP280, 26.567564, 1011.007385
2017-05-15 03:11:10 +0800, BMP280, 26.572582, 1010.999329
2017-05-15 03:11:40 +0800, BMP280, 26.569571, 1010.999817
2017-05-15 03:12:10 +0800, BMP280, 26.565556, 1011.025757
2017-05-15 03:12:40 +0800, BMP280, 26.565556, 1011.003906
2017-05-15 03:13:10 +0800, BMP280, 26.565556, 1011.014832
2017-05-15 03:13:40 +0800, BMP280, 26.563549, 1011.027771
2017-05-15 03:14:10 +0800, BMP280, 26.568567, 1011.008972
2017-05-15 03:14:40 +0800, BMP280, 26.571579, 1011.035767
2017-05-15 03:15:10 +0800, BMP280, 26.568567, 1011.019836
2017-05-15 03:15:40 +0800, BMP280, 26.567564, 1011.039856
2017-05-15 03:16:10 +0800, BMP280, 26.566559, 1011.011047
2017-05-15 03:16:40 +0800, BMP280, 26.572582, 1011.048340
2017-05-15 03:17:10 +0800, BMP280, 26.578604, 1011.047363
2017-05-15 03:17:40 +0800, BMP280, 26.579607, 1011.054443
2017-05-15 03:18:10 +0800, BMP280, 26.580612, 1011.061646
2017-05-15 03:18:41 +0800, BMP280, 26.573586, 1011.049866
2017-05-15 03:19:11 +0800, BMP280, 26.574589, 1011.062500
2017-05-15 03:19:41 +0800, BMP280, 26.570574, 1011.066711
2017-05-15 03:20:11 +0800, BMP280, 26.565556, 1011.020325
2017-05-15 03:20:41 +0800, BMP280, 26.555519, 1011.025330
2017-05-15 03:21:11 +0800, BMP280, 26.554514, 1011.045410
2017-05-15 03:21:41 +0800, BMP280, 26.559534, 1011.026550
2017-05-15 03:22:11 +0800, BMP280, 26.556522, 1011.048767
2017-05-15 03:22:41 +0800, BMP280, 26.554514, 1011.029175
2017-05-15 03:23:11 +0800, BMP280, 26.550499, 1011.022461
2017-05-15 03:23:41 +0800, BMP280, 26.547489, 1011.006531
2017-05-15 03:24:11 +0800, BMP280, 26.547489, 1011.033752
2017-05-15 03:24:41 +0800, BMP280, 26.548492, 1011.019104
2017-05-15 03:25:11 +0800, BMP280, 26.549496, 1011.015320
2017-05-15 03:25:41 +0800, BMP280, 26.543474, 1011.005249
2017-05-15 03:26:11 +0800, BMP280, 26.546486, 1011.026611
2017-05-15 03:26:41 +0800, BMP280, 26.541466, 1010.996582
2017-05-15 03:27:11 +0800, BMP280, 26.533436, 1010.983154
2017-05-15 03:27:41 +0800, BMP280, 26.528418, 1010.953003
2017-05-15 03:28:11 +0800, BMP280, 26.534441, 1010.990295
2017-05-15 03:28:41 +0800, BMP280, 26.531429, 1010.996094
2017-05-15 03:29:11 +0800, BMP280, 26.527414, 1010.978455
2017-05-15 03:29:41 +0800, BMP280, 26.524403, 1011.011536
2017-05-15 03:30:11 +0800, BMP280, 26.521391, 1011.001038
2017-05-15 03:30:41 +0800, BMP280, 26.518381, 1010.963562
2017-05-15 03:31:11 +0800, BMP280, 26.519384, 1010.976074
2017-05-15 03:31:41 +0800, BMP280, 26.516373, 1010.987366
2017-05-15 03:32:11 +0800, BMP280, 26.515369, 1010.947632
2017-05-15 03:32:41 +0800, BMP280, 26.517378, 1010.961792
2017-05-15 03:33:11 +0800, BMP280, 26.520388, 1010.988586
2017-05-15 03:33:41 +0800, BMP280, 26.523399, 1010.950073
2017-05-15 03:34:11 +0800, BMP280, 26.522396, 1010.959351
2017-05-15 03:34:41 +0800, BMP280, 26.516373, 1010.992798
2017-05-15 03:35:11 +0800, BMP280, 26.510351, 1010.950134
2017-05-15 03:35:41 +0800, BMP280, 26.512358, 1010.975220
2017-05-15 03:36:11 +0800, BMP280, 26.514366, 1010.951355
2017-05-15 03:36:41 +0800, BMP280, 26.517378, 1010.956421
2017-05-15 03:37:11 +0800, BMP280, 26.526411, 1010.960449
2017-05-15 03:37:41 +0800, BMP280, 26.522396, 1010.970215
2017-05-15 03:38:11 +0800, BMP280, 26.514366, 1010.989502
2017-05-15 03:38:41 +0800, BMP280, 26.517378, 1010.983643
2017-05-15 03:39:12 +0800, BMP280, 26.516373, 1010.981934
2017-05-15 03:39:42 +0800, BMP280, 26.517378, 1010.999817
2017-05-15 03:40:12 +0800, BMP280, 26.513363, 1010.955200
2017-05-15 03:40:42 +0800, BMP280, 26.506336, 1010.965149
2017-05-15 03:41:12 +0800, BMP280, 26.504328, 1010.978149
2017-05-15 03:41:42 +0800, BMP280, 26.509348, 1010.975586
2017-05-15 03:42:12 +0800, BMP280, 26.509348, 1010.997375
2017-05-15 03:42:42 +0800, BMP280, 26.514366, 1010.994812
2017-05-15 03:43:12 +0800, BMP280, 26.520388, 1010.972290
2017-05-15 03:43:42 +0800, BMP280, 26.522396, 1010.986511
2017-05-15 03:44:12 +0800, BMP280, 26.514366, 1010.973145
2017-05-15 03:44:42 +0800, BMP280, 26.505333, 1010.974426
2017-05-15 03:45:12 +0800, BMP280, 26.502321, 1010.980286
2017-05-15 03:45:42 +0800, BMP280, 26.501318, 1010.973206
2017-05-15 03:46:12 +0800, BMP280, 26.503325, 1010.965576
2017-05-15 03:46:42 +0800, BMP280, 26.501318, 1010.956848
2017-05-15 03:47:12 +0800, BMP280, 26.507339, 1010.972290
2017-05-15 03:47:42 +0800, BMP280, 26.505333, 1010.952637
2017-05-15 03:48:12 +0800, BMP280, 26.500313, 1010.971558
2017-05-15 03:48:42 +0800, BMP280, 26.498306, 1010.946411
2017-05-15 03:49:12 +0800, BMP280, 26.499310, 1010.953552
2017-05-15 03:49:42 +0800, BMP280, 26.501318, 1010.935120
2017-05-15 03:50:12 +0800, BMP280, 26.502321, 1010.936829
2017-05-15 03:50:42 +0800, BMP280, 26.499310, 1010.948120
2017-05-15 03:51:12 +0800, BMP280, 26.497303, 1010.933899
2017-05-15 03:51:42 +0800, BMP280, 26.502321, 1010.953125
2017-05-15 03:52:12 +0800, BMP280, 26.511354, 1010.962708
2017-05-15 03:52:42 +0800, BMP280, 26.518381, 1010.947205
2017-05-15 03:53:12 +0800, BMP280, 26.514366, 1010.935059
2017-05-15 03:53:42 +0800, BMP280, 26.506336, 1010.965149
2017-05-15 03:54:12 +0800, BMP280, 26.499310, 1010.953552
2017-05-15 03:54:42 +0800, BMP280, 26.502321, 1010.931335
2017-05-15 03:55:12 +0800, BMP280, 26.501318, 1010.951477
2017-05-15 03:55:42 +0800, BMP280, 26.497303, 1010.971924
2017-05-15 03:56:12 +0800, BMP280, 26.494291, 1010.945190
2017-05-15 03:56:42 +0800, BMP280, 26.503325, 1010.965576
2017-05-15 03:57:12 +0800, BMP280, 26.500313, 1010.928040
2017-05-15 03:57:42 +0800, BMP280, 26.509348, 1010.970154
2017-05-15 03:58:12 +0800, BMP280, 26.508343, 1010.973938
2017-05-15 03:58:42 +0800, BMP280, 26.508343, 1010.968567
2017-05-15 03:59:12 +0800, BMP280, 26.504328, 1010.961853
2017-05-15 03:59:42 +0800, BMP280, 26.502321, 1010.963928
2017-05-15 04:00:13 +0800, BMP280, 26.498306, 1010.995361
2017-05-15 04:00:43 +0800, BMP280, 26.496298, 1010.992004
2017-05-15 04:01:13 +0800, BMP280, 26.501318, 1010.962280
2017-05-15 04:01:43 +0800, BMP280, 26.505333, 1010.968994
2017-05-15 04:02:13 +0800, BMP280, 26.507339, 1010.972290
2017-05-15 04:02:43 +0800, BMP280, 26.504328, 1010.961853
2017-05-15 04:03:13 +0800, BMP280, 26.503325, 1010.976624
2017-05-15 04:03:43 +0800, BMP280, 26.501318, 1010.951416
2017-05-15 04:04:13 +0800, BMP280, 26.496298, 1010.997498
2017-05-15 04:04:43 +0800, BMP280, 26.505333, 1010.990723
2017-05-15 04:05:13 +0800, BMP280, 26.508343, 1010.973938
2017-05-15 04:05:43 +0800, BMP280, 26.500313, 1010.976990
2017-05-15 04:06:13 +0800, BMP280, 26.505333, 1011.017944
2017-05-15 04:06:43 +0800, BMP280, 26.500313, 1011.009583
2017-05-15 04:07:13 +0800, BMP280, 26.500313, 1011.042175
2017-05-15 04:07:43 +0800, BMP280, 26.504328, 1011.065186
2017-05-15 04:08:13 +0800, BMP280, 26.509348, 1011.068054
2017-05-15 04:08:43 +0800, BMP280, 26.515369, 1011.061829
2017-05-15 04:09:13 +0800, BMP280, 26.519384, 1011.084839
2017-05-15 04:09:43 +0800, BMP280, 26.508343, 1011.077332
2017-05-15 04:10:13 +0800, BMP280, 26.506336, 1011.073975
2017-05-15 04:10:43 +0800, BMP280, 26.512358, 1011.111145
2017-05-15 04:11:13 +0800, BMP280, 26.506336, 1011.079407
2017-05-15 04:11:43 +0800, BMP280, 26.498306, 1011.098694
2017-05-15 04:12:13 +0800, BMP280, 26.506336, 1011.106628
2017-05-15 04:12:43 +0800, BMP280, 26.497303, 1011.140564
2017-05-15 04:13:13 +0800, BMP280, 26.502321, 1011.132568
2017-05-15 04:13:43 +0800, BMP280, 26.504328, 1011.114197
2017-05-15 04:14:13 +0800, BMP280, 26.505333, 1011.094055
2017-05-15 04:14:43 +0800, BMP280, 26.509348, 1011.144226
2017-05-15 04:15:13 +0800, BMP280, 26.510351, 1011.091431
2017-05-15 04:15:43 +0800, BMP280, 26.503325, 1011.074402
2017-05-15 04:16:13 +0800, BMP280, 26.504328, 1011.114136
2017-05-15 04:16:43 +0800, BMP280, 26.504328, 1011.086975
2017-05-15 04:17:13 +0800, BMP280, 26.499310, 1011.100403
2017-05-15 04:17:43 +0800, BMP280, 26.491280, 1011.065308
2017-05-15 04:18:13 +0800, BMP280, 26.487265, 1011.096680
2017-05-15 04:18:43 +0800, BMP280, 26.496298, 1011.106201
2017-05-15 04:19:13 +0800, BMP280, 26.493288, 1011.090271
2017-05-15 04:19:43 +0800, BMP280, 26.491280, 1011.114258
2017-05-15 04:20:13 +0800, BMP280, 26.496298, 1011.171448
2017-05-15 04:20:44 +0800, BMP280, 26.498306, 1011.125854
2017-05-15 04:21:14 +0800, BMP280, 26.496298, 1011.100830
2017-05-15 04:21:44 +0800, BMP280, 26.497303, 1011.107849
2017-05-15 04:22:14 +0800, BMP280, 26.493288, 1011.117615
2017-05-15 04:22:44 +0800, BMP280, 26.490276, 1011.096252
2017-05-15 04:23:14 +0800, BMP280, 26.484255, 1011.118835
2017-05-15 04:23:44 +0800, BMP280, 26.486261, 1011.133118
2017-05-15 04:24:14 +0800, BMP280, 26.484255, 1011.124268
2017-05-15 04:24:44 +0800, BMP280, 26.483250, 1011.100830
2017-05-15 04:25:14 +0800, BMP280, 26.478231, 1011.103333
2017-05-15 04:25:44 +0800, BMP280, 26.488270, 1011.081970
2017-05-15 04:26:14 +0800, BMP280, 26.485258, 1011.098755
2017-05-15 04:26:44 +0800, BMP280, 26.478231, 1011.086975
2017-05-15 04:27:14 +0800, BMP280, 26.487265, 1011.107544
2017-05-15 04:27:44 +0800, BMP280, 26.491280, 1011.103455
2017-05-15 04:28:14 +0800, BMP280, 26.479235, 1011.072327
2017-05-15 04:28:44 +0800, BMP280, 26.481243, 1011.048584
2017-05-15 04:29:14 +0800, BMP280, 26.490276, 1011.074463
2017-05-15 04:29:44 +0800, BMP280, 26.484255, 1011.064453
2017-05-15 04:30:14 +0800, BMP280, 26.482246, 1011.066528
2017-05-15 04:30:44 +0800, BMP280, 26.477228, 1011.085388
2017-05-15 04:31:14 +0800, BMP280, 26.484255, 1011.075317
2017-05-15 04:31:44 +0800, BMP280, 26.480240, 1011.057678
2017-05-15 04:32:14 +0800, BMP280, 26.469198, 1011.039368
2017-05-15 04:32:44 +0800, BMP280, 26.472210, 1011.071533
2017-05-15 04:33:14 +0800, BMP280, 26.481243, 1011.048523
2017-05-15 04:33:44 +0800, BMP280, 26.487265, 1011.053162
2017-05-15 04:34:14 +0800, BMP280, 26.486261, 1011.046021
2017-05-15 04:34:44 +0800, BMP280, 26.483250, 1011.062744
2017-05-15 04:35:14 +0800, BMP280, 26.477228, 1011.085266
2017-05-15 04:35:44 +0800, BMP280, 26.477228, 1011.079834
2017-05-15 04:36:14 +0800, BMP280, 26.476225, 1011.067383
2017-05-15 04:36:44 +0800, BMP280, 26.479235, 1011.088623
2017-05-15 04:37:14 +0800, BMP280, 26.463175, 1011.127197
2017-05-15 04:37:44 +0800, BMP280, 26.465183, 1011.130615
2017-05-15 04:38:14 +0800, BMP280, 26.466187, 1011.143127
2017-05-15 04:38:44 +0800, BMP280, 26.481243, 1011.140991
2017-05-15 04:39:14 +0800, BMP280, 26.480240, 1011.128418
2017-05-15 04:39:44 +0800, BMP280, 26.478231, 1011.201172
2017-05-15 04:40:14 +0800, BMP280, 26.479235, 1011.175720
2017-05-15 04:40:44 +0800, BMP280, 26.487265, 1011.221741
2017-05-15 04:41:15 +0800, BMP280, 26.482246, 1011.158997
2017-05-15 04:41:45 +0800, BMP280, 26.477228, 1011.215759
2017-05-15 04:42:15 +0800, BMP280, 26.471205, 1011.211243
2017-05-15 04:42:45 +0800, BMP280, 26.468195, 1011.228027
2017-05-15 04:43:15 +0800, BMP280, 26.469198, 1011.229614
2017-05-15 04:43:45 +0800, BMP280, 26.473213, 1011.252686
2017-05-15 04:44:15 +0800, BMP280, 26.471205, 1011.249329
2017-05-15 04:44:45 +0800, BMP280, 26.467190, 1011.253601
2017-05-15 04:45:15 +0800, BMP280, 26.461168, 1011.265259
2017-05-15 04:45:45 +0800, BMP280, 26.467190, 1011.286133
2017-05-15 04:46:15 +0800, BMP280, 26.466187, 1011.311707
2017-05-15 04:46:45 +0800, BMP280, 26.464180, 1011.308411
2017-05-15 04:47:15 +0800, BMP280, 26.454142, 1011.291687
2017-05-15 04:47:45 +0800, BMP280, 26.457153, 1011.334778
2017-05-15 04:48:15 +0800, BMP280, 26.466187, 1011.328003
2017-05-15 04:48:45 +0800, BMP280, 26.462172, 1011.337646
2017-05-15 04:49:15 +0800, BMP280, 26.465183, 1011.337219
2017-05-15 04:49:45 +0800, BMP280, 26.467190, 1011.351440
2017-05-15 04:50:15 +0800, BMP280, 26.455147, 1011.358582
2017-05-15 04:50:45 +0800, BMP280, 26.458157, 1011.374512
2017-05-15 04:51:15 +0800, BMP280, 26.456150, 1011.376587
2017-05-15 04:51:45 +0800, BMP280, 26.465183, 1011.397095
2017-05-15 04:52:15 +0800, BMP280, 26.454142, 1011.351501
2017-05-15 04:52:45 +0800, BMP280, 26.454142, 1011.356934
2017-05-15 04:53:15 +0800, BMP280, 26.466187, 1011.366089
2017-05-15 04:53:45 +0800, BMP280, 26.451132, 1011.373596
2017-05-15 04:54:15 +0800, BMP280, 26.450127, 1011.355652
2017-05-15 04:54:45 +0800, BMP280, 26.452135, 1011.359070
2017-05-15 04:55:15 +0800, BMP280, 26.452135, 1011.359009
2017-05-15 04:55:45 +0800, BMP280, 26.446112, 1011.321716
2017-05-15 04:56:15 +0800, BMP280, 26.444105, 1011.318420
2017-05-15 04:56:45 +0800, BMP280, 26.444105, 1011.313049
2017-05-15 04:57:15 +0800, BMP280, 26.442097, 1011.315125
2017-05-15 04:57:45 +0800, BMP280, 26.449123, 1011.305054
2017-05-15 04:58:15 +0800, BMP280, 26.450127, 1011.323059
2017-05-15 04:58:45 +0800, BMP280, 26.448120, 1011.319641
2017-05-15 04:59:15 +0800, BMP280, 26.438082, 1011.324768
2017-05-15 04:59:45 +0800, BMP280, 26.447117, 1011.350647
2017-05-15 05:00:15 +0800, BMP280, 26.446112, 1011.354431
2017-05-15 05:00:45 +0800, BMP280, 26.452135, 1011.369873
2017-05-15 05:01:16 +0800, BMP280, 26.446112, 1011.365295
2017-05-15 05:01:46 +0800, BMP280, 26.454142, 1011.427551
2017-05-15 05:02:16 +0800, BMP280, 26.449123, 1011.402954
2017-05-15 05:02:46 +0800, BMP280, 26.446112, 1011.408813
2017-05-15 05:03:16 +0800, BMP280, 26.440090, 1011.436829
2017-05-15 05:03:46 +0800, BMP280, 26.434067, 1011.426819
2017-05-15 05:04:16 +0800, BMP280, 26.434067, 1011.426819
2017-05-15 05:04:46 +0800, BMP280, 26.442097, 1011.402161
2017-05-15 05:05:16 +0800, BMP280, 26.441093, 1011.422180
2017-05-15 05:05:46 +0800, BMP280, 26.441093, 1011.433105
2017-05-15 05:06:16 +0800, BMP280, 26.436075, 1011.424805
2017-05-15 05:06:46 +0800, BMP280, 26.437078, 1011.421021
2017-05-15 05:07:16 +0800, BMP280, 26.434067, 1011.415955
2017-05-15 05:07:46 +0800, BMP280, 26.434067, 1011.448608
2017-05-15 05:08:16 +0800, BMP280, 26.432060, 1011.423462
2017-05-15 05:08:46 +0800, BMP280, 26.431057, 1011.427185
2017-05-15 05:09:16 +0800, BMP280, 26.435072, 1011.406799
2017-05-15 05:09:46 +0800, BMP280, 26.438082, 1011.428162
2017-05-15 05:10:16 +0800, BMP280, 26.437078, 1011.431885
2017-05-15 05:10:46 +0800, BMP280, 26.412989, 1011.440552
2017-05-15 05:11:16 +0800, BMP280, 26.383881, 1011.408569
2017-05-15 05:11:46 +0800, BMP280, 26.346745, 1011.406433
2017-05-15 05:12:16 +0800, BMP280, 26.317636, 1011.385132
2017-05-15 05:12:46 +0800, BMP280, 26.300573, 1011.383972
2017-05-15 05:13:16 +0800, BMP280, 26.265442, 1011.406982
2017-05-15 05:13:46 +0800, BMP280, 26.243361, 1011.381165
2017-05-15 05:14:16 +0800, BMP280, 26.227301, 1011.397766
2017-05-15 05:14:46 +0800, BMP280, 26.211241, 1011.381958
2017-05-15 05:15:16 +0800, BMP280, 26.207226, 1011.396912
2017-05-15 05:15:46 +0800, BMP280, 26.209234, 1011.400391
2017-05-15 05:16:16 +0800, BMP280, 26.216259, 1011.428345
2017-05-15 05:16:46 +0800, BMP280, 26.203211, 1011.417542
2017-05-15 05:17:16 +0800, BMP280, 26.199196, 1011.421631
2017-05-15 05:17:46 +0800, BMP280, 26.198193, 1011.409058
2017-05-15 05:18:16 +0800, BMP280, 26.192171, 1011.420715
2017-05-15 05:18:46 +0800, BMP280, 26.185144, 1011.458008
2017-05-15 05:19:16 +0800, BMP280, 26.177114, 1011.471802
2017-05-15 05:19:46 +0800, BMP280, 26.181129, 1011.483948
2017-05-15 05:20:16 +0800, BMP280, 26.173100, 1011.486877
2017-05-15 05:20:46 +0800, BMP280, 26.178118, 1011.473572
2017-05-15 05:21:16 +0800, BMP280, 26.178118, 1011.516846
2017-05-15 05:21:46 +0800, BMP280, 26.170088, 1011.536194
2017-05-15 05:22:17 +0800, BMP280, 26.160051, 1011.541260
2017-05-15 05:22:47 +0800, BMP280, 26.151018, 1011.520813
2017-05-15 05:23:17 +0800, BMP280, 26.149010, 1011.560913
2017-05-15 05:23:47 +0800, BMP280, 26.138973, 1011.538879
2017-05-15 05:24:17 +0800, BMP280, 26.136965, 1011.562561
2017-05-15 05:24:47 +0800, BMP280, 26.123917, 1011.535461
2017-05-15 05:25:17 +0800, BMP280, 26.120907, 1011.568542
2017-05-15 05:25:47 +0800, BMP280, 26.105850, 1011.516174
2017-05-15 05:26:17 +0800, BMP280, 26.095814, 1011.537476
2017-05-15 05:26:47 +0800, BMP280, 26.096817, 1011.571716
2017-05-15 05:27:17 +0800, BMP280, 26.099829, 1011.582153
2017-05-15 05:27:47 +0800, BMP280, 26.083769, 1011.615234
2017-05-15 05:28:17 +0800, BMP280, 26.078751, 1011.606934
2017-05-15 05:28:47 +0800, BMP280, 26.081760, 1011.660828
2017-05-15 05:29:17 +0800, BMP280, 26.073730, 1011.652954
2017-05-15 05:29:47 +0800, BMP280, 26.074736, 1011.665527
2017-05-15 05:30:17 +0800, BMP280, 26.075739, 1011.645447
2017-05-15 05:30:47 +0800, BMP280, 26.068712, 1011.655334
2017-05-15 05:31:17 +0800, BMP280, 26.064697, 1011.648621
2017-05-15 05:31:47 +0800, BMP280, 26.071724, 1011.687622
2017-05-15 05:32:17 +0800, BMP280, 26.069717, 1011.673340
2017-05-15 05:32:47 +0800, BMP280, 26.062691, 1011.672485
2017-05-15 05:33:17 +0800, BMP280, 26.062691, 1011.656128
2017-05-15 05:33:47 +0800, BMP280, 26.061687, 1011.670776
2017-05-15 05:34:17 +0800, BMP280, 26.065702, 1011.655701
2017-05-15 05:34:47 +0800, BMP280, 26.074736, 1011.660095
2017-05-15 05:35:17 +0800, BMP280, 26.078751, 1011.688538
2017-05-15 05:35:47 +0800, BMP280, 26.074736, 1011.670959
2017-05-15 05:36:17 +0800, BMP280, 26.072727, 1011.667542
2017-05-15 05:36:47 +0800, BMP280, 26.076742, 1011.701538
2017-05-15 05:37:17 +0800, BMP280, 26.076742, 1011.712341
2017-05-15 05:37:47 +0800, BMP280, 26.063694, 1011.685059
2017-05-15 05:38:17 +0800, BMP280, 26.070721, 1011.740295
2017-05-15 05:38:47 +0800, BMP280, 26.084772, 1011.741943
2017-05-15 05:39:17 +0800, BMP280, 26.082766, 1011.733215
2017-05-15 05:39:47 +0800, BMP280, 26.078751, 1011.726501
2017-05-15 05:40:17 +0800, BMP280, 26.075739, 1011.775879
2017-05-15 05:40:47 +0800, BMP280, 26.082766, 1011.738525
2017-05-15 05:41:17 +0800, BMP280, 26.097820, 1011.763672
2017-05-15 05:41:47 +0800, BMP280, 26.107859, 1011.780457
2017-05-15 05:42:17 +0800, BMP280, 26.106853, 1011.795105
2017-05-15 05:42:48 +0800, BMP280, 26.103844, 1011.779114
2017-05-15 05:43:18 +0800, BMP280, 26.103844, 1011.806335
2017-05-15 05:43:48 +0800, BMP280, 26.104847, 1011.797180
2017-05-15 05:44:18 +0800, BMP280, 26.104847, 1011.770020
2017-05-15 05:44:48 +0800, BMP280, 26.105850, 1011.798889
2017-05-15 05:45:18 +0800, BMP280, 26.105850, 1011.755371
2017-05-15 05:45:48 +0800, BMP280, 26.114883, 1011.759460
2017-05-15 05:46:18 +0800, BMP280, 26.116892, 1011.784607
2017-05-15 05:46:48 +0800, BMP280, 26.117895, 1011.753601
2017-05-15 05:47:18 +0800, BMP280, 26.114883, 1011.786682
2017-05-15 05:47:48 +0800, BMP280, 26.118898, 1011.760742
2017-05-15 05:48:18 +0800, BMP280, 26.114883, 1011.770325
2017-05-15 05:48:48 +0800, BMP280, 26.119902, 1011.778748
2017-05-15 05:49:18 +0800, BMP280, 26.118898, 1011.739014
2017-05-15 05:49:48 +0800, BMP280, 26.117895, 1011.742737
2017-05-15 05:50:18 +0800, BMP280, 26.119902, 1011.718933
2017-05-15 05:50:48 +0800, BMP280, 26.113880, 1011.714355
2017-05-15 05:51:18 +0800, BMP280, 26.111874, 1011.716431
2017-05-15 05:51:48 +0800, BMP280, 26.107859, 1011.704346
2017-05-15 05:52:18 +0800, BMP280, 26.112877, 1011.685425
2017-05-15 05:52:48 +0800, BMP280, 26.110868, 1011.682129
2017-05-15 05:53:18 +0800, BMP280, 26.110868, 1011.660461
2017-05-15 05:53:48 +0800, BMP280, 26.111874, 1011.634888
2017-05-15 05:54:18 +0800, BMP280, 26.114883, 1011.634460
2017-05-15 05:54:48 +0800, BMP280, 26.120907, 1011.601074
2017-05-15 05:55:18 +0800, BMP280, 26.122913, 1011.647888
2017-05-15 05:55:48 +0800, BMP280, 26.121910, 1011.678833
2017-05-15 05:56:18 +0800, BMP280, 26.113880, 1011.649109
2017-05-15 05:56:48 +0800, BMP280, 26.110868, 1011.692993
2017-05-15 05:57:18 +0800, BMP280, 26.105850, 1011.652039
2017-05-15 05:57:48 +0800, BMP280, 26.106853, 1011.680969
2017-05-15 05:58:18 +0800, BMP280, 26.109865, 1011.647888
2017-05-15 05:58:48 +0800, BMP280, 26.110868, 1011.698486
2017-05-15 05:59:18 +0800, BMP280, 26.107859, 1011.693359
2017-05-15 05:59:48 +0800, BMP280, 26.105850, 1011.684631
2017-05-15 06:00:18 +0800, BMP280, 26.106853, 1011.697205
2017-05-15 06:00:48 +0800, BMP280, 26.111874, 1011.694641
2017-05-15 06:01:18 +0800, BMP280, 26.113880, 1011.697937
2017-05-15 06:01:48 +0800, BMP280, 26.111874, 1011.732788
2017-05-15 06:02:18 +0800, BMP280, 26.106853, 1011.702637
2017-05-15 06:02:48 +0800, BMP280, 26.110868, 1011.698425
2017-05-15 06:03:19 +0800, BMP280, 26.112877, 1011.734375
2017-05-15 06:03:49 +0800, BMP280, 26.116892, 1011.724731
2017-05-15 06:04:19 +0800, BMP280, 26.120907, 1011.747803
2017-05-15 06:04:49 +0800, BMP280, 26.125925, 1011.778015
2017-05-15 06:05:19 +0800, BMP280, 26.122913, 1011.800110
2017-05-15 06:05:49 +0800, BMP280, 26.125925, 1011.794373
2017-05-15 06:06:19 +0800, BMP280, 26.133955, 1011.807617
2017-05-15 06:06:49 +0800, BMP280, 26.131947, 1011.826111
2017-05-15 06:07:19 +0800, BMP280, 26.131947, 1011.836975
2017-05-15 06:07:49 +0800, BMP280, 26.126928, 1011.844971
2017-05-15 06:08:19 +0800, BMP280, 26.130943, 1011.862488
2017-05-15 06:08:49 +0800, BMP280, 26.135962, 1011.854553
2017-05-15 06:09:19 +0800, BMP280, 26.126928, 1011.806763
2017-05-15 06:09:49 +0800, BMP280, 26.127932, 1011.824768
2017-05-15 06:10:19 +0800, BMP280, 26.127932, 1011.862976
2017-05-15 06:10:49 +0800, BMP280, 26.135962, 1011.843567
2017-05-15 06:11:19 +0800, BMP280, 26.148006, 1011.858154
2017-05-15 06:11:49 +0800, BMP280, 26.147003, 1011.878296
2017-05-15 06:12:19 +0800, BMP280, 26.137970, 1011.895813
2017-05-15 06:12:49 +0800, BMP280, 26.149010, 1011.897827
2017-05-15 06:13:19 +0800, BMP280, 26.147003, 1011.921753
2017-05-15 06:13:49 +0800, BMP280, 26.125925, 1011.897644
2017-05-15 06:14:19 +0800, BMP280, 26.126928, 1011.915649
2017-05-15 06:14:49 +0800, BMP280, 26.129940, 1011.920593
2017-05-15 06:15:19 +0800, BMP280, 26.126928, 1011.942749
2017-05-15 06:15:49 +0800, BMP280, 26.121910, 1011.901733
2017-05-15 06:16:19 +0800, BMP280, 26.121910, 1011.928955
2017-05-15 06:16:49 +0800, BMP280, 26.120907, 1011.938049
2017-05-15 06:17:19 +0800, BMP280, 26.121910, 1011.901733
2017-05-15 06:17:49 +0800, BMP280, 26.115887, 1011.859070
2017-05-15 06:18:19 +0800, BMP280, 26.115887, 1011.902466
2017-05-15 06:18:49 +0800, BMP280, 26.109865, 1011.887085
2017-05-15 06:19:19 +0800, BMP280, 26.119902, 1011.920105
2017-05-15 06:19:49 +0800, BMP280, 26.117895, 1011.916687
2017-05-15 06:20:19 +0800, BMP280, 26.122913, 1011.887024
2017-05-15 06:20:49 +0800, BMP280, 26.117895, 1011.911316
2017-05-15 06:21:19 +0800, BMP280, 26.121910, 1011.928894
2017-05-15 06:21:49 +0800, BMP280, 26.117895, 1011.927551
2017-05-15 06:22:19 +0800, BMP280, 26.111874, 1011.917603
2017-05-15 06:22:49 +0800, BMP280, 26.114883, 1011.917114
2017-05-15 06:23:19 +0800, BMP280, 26.122913, 1011.936035
2017-05-15 06:23:50 +0800, BMP280, 26.121910, 1011.928894
2017-05-15 06:24:20 +0800, BMP280, 26.119902, 1011.930969
2017-05-15 06:24:50 +0800, BMP280, 26.115887, 1011.929626
2017-05-15 06:25:20 +0800, BMP280, 26.130943, 1011.927673
2017-05-15 06:25:50 +0800, BMP280, 26.142988, 1011.942322
2017-05-15 06:26:20 +0800, BMP280, 26.135962, 1011.908813
2017-05-15 06:26:50 +0800, BMP280, 26.135962, 1011.898010
2017-05-15 06:27:20 +0800, BMP280, 26.128937, 1011.908020
2017-05-15 06:27:50 +0800, BMP280, 26.131947, 1011.907654
2017-05-15 06:28:20 +0800, BMP280, 26.147003, 1011.889160
2017-05-15 06:28:50 +0800, BMP280, 26.150015, 1011.894104
2017-05-15 06:29:20 +0800, BMP280, 26.141985, 1011.902527
2017-05-15 06:29:50 +0800, BMP280, 26.148006, 1011.901672
2017-05-15 06:30:20 +0800, BMP280, 26.140980, 1011.895386
2017-05-15 06:30:50 +0800, BMP280, 26.150015, 1011.894104
2017-05-15 06:31:20 +0800, BMP280, 26.151018, 1011.917603
2017-05-15 06:31:50 +0800, BMP280, 26.154030, 1011.906311
2017-05-15 06:32:20 +0800, BMP280, 26.155033, 1011.886292
2017-05-15 06:32:50 +0800, BMP280, 26.160051, 1011.883667
2017-05-15 06:33:20 +0800, BMP280, 26.159048, 1011.914673
2017-05-15 06:33:50 +0800, BMP280, 26.158045, 1011.945557
2017-05-15 06:34:20 +0800, BMP280, 26.157040, 1011.916809
2017-05-15 06:34:50 +0800, BMP280, 26.161055, 1011.923462
2017-05-15 06:35:20 +0800, BMP280, 26.161055, 1011.923401
2017-05-15 06:35:50 +0800, BMP280, 26.167078, 1011.933411
2017-05-15 06:36:20 +0800, BMP280, 26.165070, 1011.886597
2017-05-15 06:36:50 +0800, BMP280, 26.169085, 1011.887817
2017-05-15 06:37:20 +0800, BMP280, 26.169085, 1011.898743
2017-05-15 06:37:50 +0800, BMP280, 26.174103, 1011.879883
2017-05-15 06:38:20 +0800, BMP280, 26.174103, 1011.885376
2017-05-15 06:38:50 +0800, BMP280, 26.175108, 1011.859863
2017-05-15 06:39:20 +0800, BMP280, 26.185144, 1011.876587
2017-05-15 06:39:50 +0800, BMP280, 26.193174, 1011.890015
2017-05-15 06:40:20 +0800, BMP280, 26.199196, 1011.883667
2017-05-15 06:40:50 +0800, BMP280, 26.202208, 1011.905090
2017-05-15 06:41:20 +0800, BMP280, 26.207226, 1011.908020
2017-05-15 06:41:50 +0800, BMP280, 26.210238, 1011.951050
2017-05-15 06:42:20 +0800, BMP280, 26.209234, 1011.938538
2017-05-15 06:42:50 +0800, BMP280, 26.211241, 1011.996216
2017-05-15 06:43:20 +0800, BMP280, 26.212244, 1011.987000
2017-05-15 06:43:50 +0800, BMP280, 26.211241, 1012.012573
2017-05-15 06:44:21 +0800, BMP280, 26.220274, 1011.994934
2017-05-15 06:44:51 +0800, BMP280, 26.229309, 1012.020813
2017-05-15 06:45:21 +0800, BMP280, 26.232319, 1012.036743
2017-05-15 06:45:51 +0800, BMP280, 26.232319, 1012.053040
2017-05-15 06:46:21 +0800, BMP280, 26.238342, 1012.068542
2017-05-15 06:46:51 +0800, BMP280, 26.248379, 1012.085388
2017-05-15 06:47:21 +0800, BMP280, 26.245367, 1012.074890
2017-05-15 06:47:51 +0800, BMP280, 26.257412, 1012.073242
2017-05-15 06:48:21 +0800, BMP280, 26.266445, 1012.104492
2017-05-15 06:48:51 +0800, BMP280, 26.281502, 1012.064331
2017-05-15 06:49:21 +0800, BMP280, 26.285517, 1012.087341
2017-05-15 06:49:51 +0800, BMP280, 26.291538, 1012.086548
2017-05-15 06:50:21 +0800, BMP280, 26.293547, 1012.106140
2017-05-15 06:50:51 +0800, BMP280, 26.301577, 1012.114197
2017-05-15 06:51:21 +0800, BMP280, 26.306595, 1012.084534
2017-05-15 06:51:51 +0800, BMP280, 26.317636, 1012.086609
2017-05-15 06:52:21 +0800, BMP280, 26.317636, 1012.091980
2017-05-15 06:52:51 +0800, BMP280, 26.329679, 1012.095825
2017-05-15 06:53:21 +0800, BMP280, 26.334700, 1012.060608
2017-05-15 06:53:51 +0800, BMP280, 26.336706, 1012.074890
2017-05-15 06:54:21 +0800, BMP280, 26.349754, 1012.047546
2017-05-15 06:54:51 +0800, BMP280, 26.353769, 1012.081482
2017-05-15 06:55:21 +0800, BMP280, 26.356781, 1012.048340
2017-05-15 06:55:51 +0800, BMP280, 26.381874, 1012.041382
2017-05-15 06:56:21 +0800, BMP280, 26.380871, 1012.023438
2017-05-15 06:56:51 +0800, BMP280, 26.363808, 1012.049255
2017-05-15 06:57:21 +0800, BMP280, 26.393919, 1012.007019
2017-05-15 06:57:51 +0800, BMP280, 26.414997, 1012.025940
2017-05-15 06:58:21 +0800, BMP280, 26.432060, 1012.021667
2017-05-15 06:58:51 +0800, BMP280, 26.440090, 1012.007935
2017-05-15 06:59:21 +0800, BMP280, 26.439087, 1011.957336
2017-05-15 06:59:51 +0800, BMP280, 26.433064, 1011.985291
2017-05-15 07:00:21 +0800, BMP280, 26.437078, 1011.959290
2017-05-15 07:00:51 +0800, BMP280, 26.441093, 1011.976929
2017-05-15 07:01:21 +0800, BMP280, 26.428045, 1011.933472
2017-05-15 07:01:51 +0800, BMP280, 26.431057, 1011.927673
2017-05-15 07:02:21 +0800, BMP280, 26.429049, 1011.880737
2017-05-15 07:02:51 +0800, BMP280, 26.428045, 1011.906250
2017-05-15 07:03:21 +0800, BMP280, 26.413994, 1011.882751
2017-05-15 07:03:51 +0800, BMP280, 26.419012, 1011.869446
2017-05-15 07:04:21 +0800, BMP280, 26.404961, 1011.824219
2017-05-15 07:04:52 +0800, BMP280, 26.433064, 1011.816711
2017-05-15 07:05:22 +0800, BMP280, 26.439087, 1011.821289
2017-05-15 07:05:52 +0800, BMP280, 26.431057, 1011.797058
2017-05-15 07:06:22 +0800, BMP280, 26.433064, 1011.762268
2017-05-15 07:06:52 +0800, BMP280, 26.446112, 1011.794861
2017-05-15 07:07:22 +0800, BMP280, 26.479235, 1011.768494
2017-05-15 07:07:52 +0800, BMP280, 26.506336, 1011.786438
2017-05-15 07:08:22 +0800, BMP280, 26.511354, 1011.751343
2017-05-15 07:08:52 +0800, BMP280, 26.512358, 1011.769287
2017-05-15 07:09:22 +0800, BMP280, 26.516373, 1011.797729
2017-05-15 07:09:52 +0800, BMP280, 26.512358, 1011.796448
2017-05-15 07:10:22 +0800, BMP280, 26.494291, 1011.826294
2017-05-15 07:10:52 +0800, BMP280, 26.478231, 1011.794067
2017-05-15 07:11:22 +0800, BMP280, 26.462172, 1011.805359
2017-05-15 07:11:52 +0800, BMP280, 26.451132, 1011.797791
2017-05-15 07:12:22 +0800, BMP280, 26.441093, 1011.841003
2017-05-15 07:12:52 +0800, BMP280, 26.433064, 1011.805847
2017-05-15 07:13:22 +0800, BMP280, 26.427042, 1011.801208
2017-05-15 07:13:52 +0800, BMP280, 26.425034, 1011.819641
2017-05-15 07:14:22 +0800, BMP280, 26.421019, 1011.813049
2017-05-15 07:14:52 +0800, BMP280, 26.412989, 1011.843018
2017-05-15 07:15:22 +0800, BMP280, 26.412989, 1011.837646
2017-05-15 07:15:52 +0800, BMP280, 26.412989, 1011.821228
2017-05-15 07:16:22 +0800, BMP280, 26.428045, 1011.802917
2017-05-15 07:16:52 +0800, BMP280, 26.448120, 1011.890747
2017-05-15 07:17:22 +0800, BMP280, 26.458157, 1011.880249
2017-05-15 07:17:52 +0800, BMP280, 26.462172, 1011.854309
2017-05-15 07:18:22 +0800, BMP280, 26.442097, 1011.864441
2017-05-15 07:18:52 +0800, BMP280, 26.439087, 1011.886597
2017-05-15 07:19:22 +0800, BMP280, 26.443102, 1011.898743
2017-05-15 07:19:52 +0800, BMP280, 26.459162, 1011.898254
2017-05-15 07:20:22 +0800, BMP280, 26.472210, 1011.914490
2017-05-15 07:20:52 +0800, BMP280, 26.455147, 1011.907898
2017-05-15 07:21:22 +0800, BMP280, 26.457153, 1011.900269
2017-05-15 07:21:52 +0800, BMP280, 26.497303, 1011.945435
2017-05-15 07:22:22 +0800, BMP280, 26.516373, 1011.933777
2017-05-15 07:22:52 +0800, BMP280, 26.501318, 1011.908630
2017-05-15 07:23:22 +0800, BMP280, 26.510351, 1011.907349
2017-05-15 07:23:52 +0800, BMP280, 26.535444, 1011.943787
2017-05-15 07:24:22 +0800, BMP280, 26.536448, 1011.923706
2017-05-15 07:24:52 +0800, BMP280, 26.543474, 1011.886414
2017-05-15 07:25:23 +0800, BMP280, 26.542471, 1011.906555
2017-05-15 07:25:53 +0800, BMP280, 26.542471, 1011.917419
2017-05-15 07:26:23 +0800, BMP280, 26.558529, 1011.895142
2017-05-15 07:26:53 +0800, BMP280, 26.550499, 1011.919861
2017-05-15 07:27:23 +0800, BMP280, 26.566559, 1011.881348
2017-05-15 07:27:53 +0800, BMP280, 26.579607, 1011.881348
2017-05-15 07:28:23 +0800, BMP280, 26.591652, 1011.846985
2017-05-15 07:28:53 +0800, BMP280, 26.578604, 1011.825256
2017-05-15 07:29:23 +0800, BMP280, 26.533436, 1011.809875
2017-05-15 07:29:53 +0800, BMP280, 26.520388, 1011.826172
2017-05-15 07:30:23 +0800, BMP280, 26.532433, 1011.835388
2017-05-15 07:30:53 +0800, BMP280, 26.517378, 1011.831970
2017-05-15 07:31:23 +0800, BMP280, 26.516373, 1011.862976
2017-05-15 07:31:53 +0800, BMP280, 26.506336, 1011.835388
2017-05-15 07:32:23 +0800, BMP280, 26.504328, 1011.842957
2017-05-15 07:32:53 +0800, BMP280, 26.512358, 1011.872620
2017-05-15 07:33:23 +0800, BMP280, 26.513363, 1011.906982
2017-05-15 07:33:53 +0800, BMP280, 26.508343, 1011.920349
2017-05-15 07:34:23 +0800, BMP280, 26.499310, 1011.970581
2017-05-15 07:34:53 +0800, BMP280, 26.494291, 1011.994812
2017-05-15 07:35:23 +0800, BMP280, 26.485258, 1011.968994
2017-05-15 07:35:53 +0800, BMP280, 26.469198, 1011.996582
2017-05-15 07:36:23 +0800, BMP280, 26.459162, 1011.963562
2017-05-15 07:36:53 +0800, BMP280, 26.449123, 1011.990295
2017-05-15 07:37:23 +0800, BMP280, 26.475220, 1012.012085
2017-05-15 07:37:53 +0800, BMP280, 26.512358, 1011.976013
2017-05-15 07:38:23 +0800, BMP280, 26.532433, 1011.987732
2017-05-15 07:38:53 +0800, BMP280, 26.536448, 1011.994446
2017-05-15 07:39:23 +0800, BMP280, 26.558529, 1012.025818
2017-05-15 07:39:53 +0800, BMP280, 26.534441, 1011.991089
2017-05-15 07:40:23 +0800, BMP280, 26.521391, 1011.985596
2017-05-15 07:40:53 +0800, BMP280, 26.519384, 1012.004028
2017-05-15 07:41:23 +0800, BMP280, 26.516373, 1012.004517
2017-05-15 07:41:53 +0800, BMP280, 26.512358, 1012.035828
2017-05-15 07:42:23 +0800, BMP280, 26.510351, 1012.027039
2017-05-15 07:42:53 +0800, BMP280, 26.499310, 1012.052124
2017-05-15 07:43:23 +0800, BMP280, 26.485258, 1012.034180
2017-05-15 07:43:53 +0800, BMP280, 26.470201, 1012.052612
2017-05-15 07:44:23 +0800, BMP280, 26.457153, 1012.074341
2017-05-15 07:44:53 +0800, BMP280, 26.451132, 1012.053467
2017-05-15 07:45:23 +0800, BMP280, 26.445108, 1012.043396
2017-05-15 07:45:53 +0800, BMP280, 26.458157, 1012.021729
2017-05-15 07:46:24 +0800, BMP280, 26.457153, 1012.036316
2017-05-15 07:46:54 +0800, BMP280, 26.468195, 1012.032959
2017-05-15 07:47:24 +0800, BMP280, 26.483250, 1012.030884
2017-05-15 07:47:54 +0800, BMP280, 26.484255, 1011.999878
2017-05-15 07:48:24 +0800, BMP280, 26.498306, 1011.996155
2017-05-15 07:48:54 +0800, BMP280, 26.497303, 1012.005371
2017-05-15 07:49:24 +0800, BMP280, 26.515369, 1012.002808
2017-05-15 07:49:54 +0800, BMP280, 26.531429, 1011.926208
2017-05-15 07:50:24 +0800, BMP280, 26.550499, 1011.941772
2017-05-15 07:50:54 +0800, BMP280, 26.576597, 1011.908875
2017-05-15 07:51:24 +0800, BMP280, 26.591652, 1011.917603
2017-05-15 07:51:54 +0800, BMP280, 26.602694, 1011.881714
2017-05-15 07:52:24 +0800, BMP280, 26.620760, 1011.884644
2017-05-15 07:52:54 +0800, BMP280, 26.632805, 1011.861084
2017-05-15 07:53:24 +0800, BMP280, 26.629795, 1011.877930
2017-05-15 07:53:54 +0800, BMP280, 26.637823, 1011.864075
2017-05-15 07:54:24 +0800, BMP280, 26.643847, 1011.852295
2017-05-15 07:54:54 +0800, BMP280, 26.658903, 1011.855713
2017-05-15 07:55:24 +0800, BMP280, 26.661913, 1011.866211
2017-05-15 07:55:54 +0800, BMP280, 26.664925, 1011.882080
2017-05-15 07:56:24 +0800, BMP280, 26.649868, 1011.857056
2017-05-15 07:56:54 +0800, BMP280, 26.646858, 1011.862854
2017-05-15 07:57:24 +0800, BMP280, 26.642843, 1011.850769
2017-05-15 07:57:54 +0800, BMP280, 26.652880, 1011.813049
2017-05-15 07:58:24 +0800, BMP280, 26.659906, 1011.846497
2017-05-15 07:58:54 +0800, BMP280, 26.648865, 1011.828125
2017-05-15 07:59:24 +0800, BMP280, 26.654888, 1011.854492
2017-05-15 07:59:54 +0800, BMP280, 26.652880, 1011.840271
2017-05-15 08:00:24 +0800, BMP280, 26.660910, 1011.815613
2017-05-15 08:00:54 +0800, BMP280, 26.661913, 1011.784546
2017-05-15 08:01:24 +0800, BMP280, 26.674961, 1011.811707
2017-05-15 08:01:54 +0800, BMP280, 26.679981, 1011.814575
2017-05-15 08:02:24 +0800, BMP280, 26.678976, 1011.807556
2017-05-15 08:02:54 +0800, BMP280, 26.687006, 1011.793701
2017-05-15 08:03:24 +0800, BMP280, 26.690018, 1011.820374
2017-05-15 08:03:54 +0800, BMP280, 26.696041, 1011.792419
2017-05-15 08:04:24 +0800, BMP280, 26.699051, 1011.797424
2017-05-15 08:04:54 +0800, BMP280, 26.701059, 1011.806274
2017-05-15 08:05:24 +0800, BMP280, 26.700056, 1011.809998
2017-05-15 08:05:54 +0800, BMP280, 26.706078, 1011.820007
2017-05-15 08:06:24 +0800, BMP280, 26.713104, 1011.809998
2017-05-15 08:06:55 +0800, BMP280, 26.716114, 1011.809631
2017-05-15 08:07:25 +0800, BMP280, 26.722137, 1011.825073
2017-05-15 08:07:55 +0800, BMP280, 26.723141, 1011.826782
2017-05-15 08:08:25 +0800, BMP280, 26.726152, 1011.842590
2017-05-15 08:08:55 +0800, BMP280, 26.733179, 1011.843445
2017-05-15 08:09:25 +0800, BMP280, 26.735186, 1011.830505
2017-05-15 08:09:55 +0800, BMP280, 26.734182, 1011.834167
2017-05-15 08:10:25 +0800, BMP280, 26.733179, 1011.843506
2017-05-15 08:10:55 +0800, BMP280, 26.744219, 1011.785583
2017-05-15 08:11:25 +0800, BMP280, 26.742212, 1011.831177
2017-05-15 08:11:55 +0800, BMP280, 26.737192, 1011.773926
2017-05-15 08:12:25 +0800, BMP280, 26.738197, 1011.781006
2017-05-15 08:12:55 +0800, BMP280, 26.742212, 1011.771301
2017-05-15 08:13:25 +0800, BMP280, 26.744219, 1011.720276
2017-05-15 08:13:55 +0800, BMP280, 26.748234, 1011.694336
2017-05-15 08:14:25 +0800, BMP280, 26.756264, 1011.740356
2017-05-15 08:14:55 +0800, BMP280, 26.756264, 1011.702271
2017-05-15 08:15:25 +0800, BMP280, 26.759275, 1011.690918
2017-05-15 08:15:55 +0800, BMP280, 26.761282, 1011.710693
2017-05-15 08:16:25 +0800, BMP280, 26.762287, 1011.750427
2017-05-15 08:16:55 +0800, BMP280, 26.766302, 1011.778931
2017-05-15 08:17:25 +0800, BMP280, 26.769312, 1011.740417
2017-05-15 08:17:55 +0800, BMP280, 26.765297, 1011.760925
2017-05-15 08:18:25 +0800, BMP280, 26.768309, 1011.787781
2017-05-15 08:18:55 +0800, BMP280, 26.772324, 1011.783508
2017-05-15 08:19:25 +0800, BMP280, 26.774330, 1011.792297
2017-05-15 08:19:55 +0800, BMP280, 26.784369, 1011.836182
2017-05-15 08:20:25 +0800, BMP280, 26.790390, 1011.862549
2017-05-15 08:20:55 +0800, BMP280, 26.793402, 1011.829407
2017-05-15 08:21:25 +0800, BMP280, 26.798420, 1011.816101
2017-05-15 08:21:55 +0800, BMP280, 26.807453, 1011.847412
2017-05-15 08:22:25 +0800, BMP280, 26.810465, 1011.846924
2017-05-15 08:22:55 +0800, BMP280, 26.810465, 1011.874146
2017-05-15 08:23:25 +0800, BMP280, 26.817492, 1011.864075
2017-05-15 08:23:55 +0800, BMP280, 26.820503, 1011.852722
2017-05-15 08:24:25 +0800, BMP280, 26.824518, 1011.875793
2017-05-15 08:24:55 +0800, BMP280, 26.824518, 1011.897522
2017-05-15 08:25:25 +0800, BMP280, 26.829536, 1011.911438
2017-05-15 08:25:55 +0800, BMP280, 26.825521, 1011.910095
2017-05-15 08:26:25 +0800, BMP280, 26.826525, 1011.944458
2017-05-15 08:26:55 +0800, BMP280, 26.827528, 1011.929810
2017-05-15 08:27:26 +0800, BMP280, 26.833551, 1011.912720
2017-05-15 08:27:56 +0800, BMP280, 26.832548, 1011.927368
2017-05-15 08:28:26 +0800, BMP280, 26.825521, 1011.953735
2017-05-15 08:28:56 +0800, BMP280, 26.811468, 1011.973816
2017-05-15 08:29:26 +0800, BMP280, 26.809462, 1011.959473
2017-05-15 08:29:56 +0800, BMP280, 26.819498, 1011.900024
2017-05-15 08:30:26 +0800, BMP280, 26.826525, 1011.906372
2017-05-15 08:30:56 +0800, BMP280, 26.816488, 1011.895081
2017-05-15 08:31:26 +0800, BMP280, 26.814480, 1011.902649
2017-05-15 08:31:56 +0800, BMP280, 26.818495, 1011.876648
2017-05-15 08:32:26 +0800, BMP280, 26.819498, 1011.894653
2017-05-15 08:32:56 +0800, BMP280, 26.827528, 1011.886292
2017-05-15 08:33:26 +0800, BMP280, 26.839573, 1011.868225
2017-05-15 08:33:56 +0800, BMP280, 26.836563, 1011.868713
2017-05-15 08:34:26 +0800, BMP280, 26.841581, 1011.888000
2017-05-15 08:34:56 +0800, BMP280, 26.840578, 1011.848206
2017-05-15 08:35:26 +0800, BMP280, 26.831543, 1011.849426
2017-05-15 08:35:56 +0800, BMP280, 26.829536, 1011.878784
2017-05-15 08:36:26 +0800, BMP280, 26.846600, 1011.852783
2017-05-15 08:36:56 +0800, BMP280, 26.854630, 1011.860718
2017-05-15 08:37:26 +0800, BMP280, 26.854630, 1011.860596
2017-05-15 08:37:56 +0800, BMP280, 26.859648, 1011.841858
2017-05-15 08:38:26 +0800, BMP280, 26.863663, 1011.843079
2017-05-15 08:38:56 +0800, BMP280, 26.872696, 1011.781921
2017-05-15 08:39:26 +0800, BMP280, 26.876711, 1011.761475
2017-05-15 08:39:56 +0800, BMP280, 26.879723, 1011.750122
2017-05-15 08:40:26 +0800, BMP280, 26.884741, 1011.758545
2017-05-15 08:40:56 +0800, BMP280, 26.888756, 1011.759705
2017-05-15 08:41:26 +0800, BMP280, 26.895782, 1011.738770
2017-05-15 08:41:56 +0800, BMP280, 26.899797, 1011.734619
2017-05-15 08:42:26 +0800, BMP280, 26.894779, 1011.742554
2017-05-15 08:42:56 +0800, BMP280, 26.893774, 1011.719055
2017-05-15 08:43:26 +0800, BMP280, 26.895782, 1011.765991
2017-05-15 08:43:56 +0800, BMP280, 26.902809, 1011.745056
2017-05-15 08:44:26 +0800, BMP280, 26.912846, 1011.729126
2017-05-15 08:44:56 +0800, BMP280, 26.916861, 1011.757507
2017-05-15 08:45:26 +0800, BMP280, 26.921879, 1011.733215
2017-05-15 08:45:56 +0800, BMP280, 26.915857, 1011.734070
2017-05-15 08:46:26 +0800, BMP280, 26.915857, 1011.755798
2017-05-15 08:46:56 +0800, BMP280, 26.911842, 1011.732849
2017-05-15 08:47:26 +0800, BMP280, 26.919872, 1011.713562
2017-05-15 08:47:57 +0800, BMP280, 26.921879, 1011.738647
2017-05-15 08:48:27 +0800, BMP280, 26.922882, 1011.745789
2017-05-15 08:48:57 +0800, BMP280, 26.927902, 1011.759583
2017-05-15 08:49:27 +0800, BMP280, 26.927902, 1011.759583
2017-05-15 08:49:57 +0800, BMP280, 26.924891, 1011.759888
2017-05-15 08:50:27 +0800, BMP280, 26.918867, 1011.760864
2017-05-15 08:50:57 +0800, BMP280, 26.914854, 1011.781433
2017-05-15 08:51:27 +0800, BMP280, 26.915857, 1011.766724
2017-05-15 08:51:57 +0800, BMP280, 26.914854, 1011.754211
2017-05-15 08:52:27 +0800, BMP280, 26.913849, 1011.741638
2017-05-15 08:52:57 +0800, BMP280, 26.912846, 1011.734558
2017-05-15 08:53:27 +0800, BMP280, 26.913849, 1011.768860
2017-05-15 08:53:57 +0800, BMP280, 26.905819, 1011.750061
2017-05-15 08:54:27 +0800, BMP280, 26.906824, 1011.768066
2017-05-15 08:54:57 +0800, BMP280, 26.905819, 1011.744568
2017-05-15 08:55:27 +0800, BMP280, 26.903812, 1011.746704
2017-05-15 08:55:57 +0800, BMP280, 26.904816, 1011.737549
2017-05-15 08:56:27 +0800, BMP280, 26.910839, 1011.720276
2017-05-15 08:56:57 +0800, BMP280, 26.897789, 1011.736694
2017-05-15 08:57:27 +0800, BMP280, 26.891768, 1011.710266
2017-05-15 08:57:57 +0800, BMP280, 26.893774, 1011.730042
2017-05-15 08:58:27 +0800, BMP280, 26.888756, 1011.705322
2017-05-15 08:58:57 +0800, BMP280, 26.891768, 1011.699341
2017-05-15 08:59:27 +0800, BMP280, 26.893774, 1011.680969
2017-05-15 08:59:57 +0800, BMP280, 26.894779, 1011.699036
2017-05-15 09:00:27 +0800, BMP280, 26.899797, 1011.702026
2017-05-15 09:00:57 +0800, BMP280, 26.900801, 1011.736267
2017-05-15 09:01:27 +0800, BMP280, 26.897789, 1011.736694
2017-05-15 09:01:57 +0800, BMP280, 26.901804, 1011.748779
2017-05-15 09:02:27 +0800, BMP280, 26.904816, 1011.742981
2017-05-15 09:02:57 +0800, BMP280, 26.908831, 1011.776855
2017-05-15 09:03:27 +0800, BMP280, 26.916861, 1011.795532
2017-05-15 09:03:57 +0800, BMP280, 26.911842, 1011.830811
2017-05-15 09:04:27 +0800, BMP280, 26.908831, 1011.863831
2017-05-15 09:04:57 +0800, BMP280, 26.916861, 1011.888062
2017-05-15 09:05:27 +0800, BMP280, 26.915857, 1011.886536
2017-05-15 09:05:57 +0800, BMP280, 26.911842, 1011.858093
2017-05-15 09:06:27 +0800, BMP280, 26.910839, 1011.894470
2017-05-15 09:06:57 +0800, BMP280, 26.906824, 1011.882324
2017-05-15 09:07:27 +0800, BMP280, 26.907827, 1011.889465
2017-05-15 09:07:57 +0800, BMP280, 26.912846, 1011.832520
2017-05-15 09:08:28 +0800, BMP280, 26.916861, 1011.920776
2017-05-15 09:08:58 +0800, BMP280, 26.913849, 1011.872314
2017-05-15 09:09:28 +0800, BMP280, 26.915857, 1011.908142
2017-05-15 09:09:58 +0800, BMP280, 26.920876, 1011.883911
2017-05-15 09:10:28 +0800, BMP280, 26.919872, 1011.925781
2017-05-15 09:10:58 +0800, BMP280, 26.911842, 1011.912476
2017-05-15 09:11:28 +0800, BMP280, 26.912846, 1011.892395
2017-05-15 09:11:58 +0800, BMP280, 26.915857, 1011.951782
2017-05-15 09:12:28 +0800, BMP280, 26.909834, 1011.876465
2017-05-15 09:12:58 +0800, BMP280, 26.909834, 1011.930847
2017-05-15 09:13:28 +0800, BMP280, 26.905819, 1011.956848
2017-05-15 09:13:58 +0800, BMP280, 26.909834, 1011.968994
2017-05-15 09:14:28 +0800, BMP280, 26.903812, 1011.991638
2017-05-15 09:14:58 +0800, BMP280, 26.907827, 1011.981873
2017-05-15 09:15:28 +0800, BMP280, 26.913849, 1012.002869
2017-05-15 09:15:58 +0800, BMP280, 26.920876, 1011.998108
2017-05-15 09:16:28 +0800, BMP280, 26.921879, 1012.005310
2017-05-15 09:16:58 +0800, BMP280, 26.928905, 1012.000610
2017-05-15 09:17:28 +0800, BMP280, 26.930912, 1011.993225
2017-05-15 09:17:58 +0800, BMP280, 26.925894, 1011.995667
2017-05-15 09:18:28 +0800, BMP280, 26.925894, 1011.968506
2017-05-15 09:18:58 +0800, BMP280, 26.928905, 1012.017090
2017-05-15 09:19:28 +0800, BMP280, 26.927902, 1011.971863
2017-05-15 09:19:58 +0800, BMP280, 26.926897, 1011.975647
2017-05-15 09:20:28 +0800, BMP280, 26.931917, 1011.973083
2017-05-15 09:20:58 +0800, BMP280, 26.937939, 1011.955811
2017-05-15 09:21:28 +0800, BMP280, 26.939947, 1011.915649
2017-05-15 09:21:58 +0800, BMP280, 26.932920, 1011.953003
2017-05-15 09:22:28 +0800, BMP280, 26.930912, 1011.938843
2017-05-15 09:22:58 +0800, BMP280, 26.932920, 1011.936646
2017-05-15 09:23:28 +0800, BMP280, 26.929909, 1011.909851
2017-05-15 09:23:58 +0800, BMP280, 26.926897, 1011.893921
2017-05-15 09:24:28 +0800, BMP280, 26.924891, 1011.928772
2017-05-15 09:24:58 +0800, BMP280, 26.921879, 1011.901917
2017-05-15 09:25:28 +0800, BMP280, 26.923887, 1011.840027
2017-05-15 09:25:58 +0800, BMP280, 26.929909, 1011.877136
2017-05-15 09:26:28 +0800, BMP280, 26.928905, 1011.832031
2017-05-15 09:26:58 +0800, BMP280, 26.938942, 1011.881287
2017-05-15 09:27:28 +0800, BMP280, 26.944965, 1011.842468
2017-05-15 09:27:58 +0800, BMP280, 26.947977, 1011.831177
2017-05-15 09:28:28 +0800, BMP280, 26.947977, 1011.847534
2017-05-15 09:28:59 +0800, BMP280, 26.951992, 1011.848816
2017-05-15 09:29:29 +0800, BMP280, 26.965040, 1011.859497
2017-05-15 09:29:59 +0800, BMP280, 26.979092, 1011.877502
2017-05-15 09:30:29 +0800, BMP280, 26.975077, 1011.848999
2017-05-15 09:30:59 +0800, BMP280, 26.967047, 1011.857361
2017-05-15 09:31:29 +0800, BMP280, 26.980095, 1011.835693
2017-05-15 09:31:59 +0800, BMP280, 26.994148, 1011.875366
2017-05-15 09:32:29 +0800, BMP280, 26.996155, 1011.862366
2017-05-15 09:32:59 +0800, BMP280, 26.999166, 1011.851074
2017-05-15 09:33:29 +0800, BMP280, 27.003181, 1011.825195
2017-05-15 09:33:59 +0800, BMP280, 26.997160, 1011.842346
2017-05-15 09:34:29 +0800, BMP280, 26.992140, 1011.801208
2017-05-15 09:34:59 +0800, BMP280, 26.997160, 1011.836914
2017-05-15 09:35:29 +0800, BMP280, 26.994148, 1011.826355
2017-05-15 09:35:59 +0800, BMP280, 26.996155, 1011.813416
2017-05-15 09:36:29 +0800, BMP280, 26.992140, 1011.801208
2017-05-15 09:36:59 +0800, BMP280, 26.996155, 1011.813416
2017-05-15 09:37:29 +0800, BMP280, 26.998163, 1011.822266
2017-05-15 09:37:59 +0800, BMP280, 26.997160, 1011.831482
2017-05-15 09:38:29 +0800, BMP280, 26.997160, 1011.815125
2017-05-15 09:38:59 +0800, BMP280, 26.997160, 1011.836914
2017-05-15 09:39:29 +0800, BMP280, 26.995152, 1011.811768
2017-05-15 09:39:59 +0800, BMP280, 27.000170, 1011.820190
2017-05-15 09:40:29 +0800, BMP280, 26.998163, 1011.849487
2017-05-15 09:40:59 +0800, BMP280, 26.992140, 1011.779480
2017-05-15 09:41:29 +0800, BMP280, 26.995152, 1011.789978
2017-05-15 09:41:59 +0800, BMP280, 26.996155, 1011.775330
2017-05-15 09:42:29 +0800, BMP280, 26.999166, 1011.785767
2017-05-15 09:42:59 +0800, BMP280, 26.999166, 1011.774963
2017-05-15 09:43:29 +0800, BMP280, 26.995152, 1011.746399
2017-05-15 09:43:59 +0800, BMP280, 26.998163, 1011.740540
2017-05-15 09:44:29 +0800, BMP280, 26.997160, 1011.717163
2017-05-15 09:44:59 +0800, BMP280, 26.995152, 1011.740967
2017-05-15 09:45:29 +0800, BMP280, 26.999166, 1011.720459
2017-05-15 09:45:59 +0800, BMP280, 26.997160, 1011.728027
2017-05-15 09:46:29 +0800, BMP280, 26.997160, 1011.700745
2017-05-15 09:46:59 +0800, BMP280, 26.998163, 1011.702515
2017-05-15 09:47:29 +0800, BMP280, 27.001175, 1011.702026
2017-05-15 09:47:59 +0800, BMP280, 26.999166, 1011.715027
2017-05-15 09:48:29 +0800, BMP280, 27.000170, 1011.733093
2017-05-15 09:48:59 +0800, BMP280, 27.002178, 1011.714600
2017-05-15 09:49:30 +0800, BMP280, 27.009203, 1011.726257
2017-05-15 09:50:00 +0800, BMP280, 27.009203, 1011.699036
2017-05-15 09:50:30 +0800, BMP280, 27.010208, 1011.689880
2017-05-15 09:51:00 +0800, BMP280, 27.011211, 1011.669739
2017-05-15 09:51:30 +0800, BMP280, 27.012215, 1011.714966
2017-05-15 09:52:00 +0800, BMP280, 27.017233, 1011.679810
2017-05-15 09:52:30 +0800, BMP280, 27.017233, 1011.668884
2017-05-15 09:53:00 +0800, BMP280, 27.023256, 1011.678894
2017-05-15 09:53:30 +0800, BMP280, 27.028275, 1011.643738
2017-05-15 09:54:00 +0800, BMP280, 27.027271, 1011.674622
2017-05-15 09:54:30 +0800, BMP280, 27.021248, 1011.681030
2017-05-15 09:55:00 +0800, BMP280, 27.019241, 1011.655823
2017-05-15 09:55:30 +0800, BMP280, 27.023256, 1011.700684
2017-05-15 09:56:00 +0800, BMP280, 27.027271, 1011.680115
2017-05-15 09:56:30 +0800, BMP280, 27.044334, 1011.686768
2017-05-15 09:57:00 +0800, BMP280, 27.045338, 1011.677551
2017-05-15 09:57:30 +0800, BMP280, 27.042328, 1011.683411
2017-05-15 09:58:00 +0800, BMP280, 27.038313, 1011.676636
2017-05-15 09:58:30 +0800, BMP280, 27.039316, 1011.672913
2017-05-15 09:59:00 +0800, BMP280, 27.040319, 1011.663696
2017-05-15 09:59:30 +0800, BMP280, 27.044334, 1011.643188
2017-05-15 10:00:00 +0800, BMP280, 27.047346, 1011.675354
2017-05-15 10:00:30 +0800, BMP280, 27.049353, 1011.684082
2017-05-15 10:01:00 +0800, BMP280, 27.048349, 1011.704224
2017-05-15 10:01:30 +0800, BMP280, 27.044334, 1011.670410
2017-05-15 10:02:00 +0800, BMP280, 27.037308, 1011.674988
2017-05-15 10:02:30 +0800, BMP280, 27.039316, 1011.667419
2017-05-15 10:03:00 +0800, BMP280, 27.033293, 1011.652039
2017-05-15 10:03:30 +0800, BMP280, 27.038313, 1011.654846
2017-05-15 10:04:00 +0800, BMP280, 27.039316, 1011.656555
2017-05-15 10:04:30 +0800, BMP280, 27.031286, 1011.659546
2017-05-15 10:05:00 +0800, BMP280, 27.032290, 1011.644897
2017-05-15 10:05:30 +0800, BMP280, 27.028275, 1011.632812
2017-05-15 10:06:00 +0800, BMP280, 27.021248, 1011.626526
2017-05-15 10:06:30 +0800, BMP280, 27.023256, 1011.635254
2017-05-15 10:07:00 +0800, BMP280, 27.024260, 1011.598877
2017-05-15 10:07:30 +0800, BMP280, 27.031286, 1011.605164
2017-05-15 10:08:00 +0800, BMP280, 27.022253, 1011.617249
2017-05-15 10:08:30 +0800, BMP280, 27.026268, 1011.596802
2017-05-15 10:09:00 +0800, BMP280, 27.028275, 1011.621948
2017-05-15 10:09:30 +0800, BMP280, 27.027271, 1011.603882
2017-05-15 10:10:01 +0800, BMP280, 27.024260, 1011.626099
2017-05-15 10:10:31 +0800, BMP280, 27.022253, 1011.628113
2017-05-15 10:11:01 +0800, BMP280, 27.025263, 1011.589661
2017-05-15 10:11:31 +0800, BMP280, 27.024260, 1011.637024
2017-05-15 10:12:01 +0800, BMP280, 27.025263, 1011.649536
2017-05-15 10:12:31 +0800, BMP280, 27.020245, 1011.641174
2017-05-15 10:13:01 +0800, BMP280, 27.020245, 1011.630310
2017-05-15 10:13:31 +0800, BMP280, 27.023256, 1011.689758
2017-05-15 10:14:01 +0800, BMP280, 27.017233, 1011.674255
2017-05-15 10:14:31 +0800, BMP280, 27.016230, 1011.678040
2017-05-15 10:15:01 +0800, BMP280, 27.013218, 1011.689453
2017-05-15 10:15:31 +0800, BMP280, 27.018238, 1011.714111
2017-05-15 10:16:01 +0800, BMP280, 27.015226, 1011.714478
2017-05-15 10:16:31 +0800, BMP280, 27.015226, 1011.703613
2017-05-15 10:17:01 +0800, BMP280, 27.018238, 1011.730408
2017-05-15 10:17:31 +0800, BMP280, 27.015226, 1011.698181
2017-05-15 10:18:01 +0800, BMP280, 27.011211, 1011.702393
2017-05-15 10:18:31 +0800, BMP280, 27.019241, 1011.699402
2017-05-15 10:19:01 +0800, BMP280, 27.010208, 1011.678955
2017-05-15 10:19:31 +0800, BMP280, 27.014223, 1011.680176
2017-05-15 10:20:01 +0800, BMP280, 27.015226, 1011.665466
2017-05-15 10:20:31 +0800, BMP280, 27.013218, 1011.624084
2017-05-15 10:21:01 +0800, BMP280, 27.018238, 1011.626953
2017-05-15 10:21:31 +0800, BMP280, 27.027271, 1011.614746
2017-05-15 10:22:01 +0800, BMP280, 27.026268, 1011.596863
2017-05-15 10:22:31 +0800, BMP280, 27.033293, 1011.619324
2017-05-15 10:23:01 +0800, BMP280, 27.029278, 1011.607300
2017-05-15 10:23:31 +0800, BMP280, 27.036304, 1011.591736
2017-05-15 10:24:01 +0800, BMP280, 27.032290, 1011.623169
2017-05-15 10:24:31 +0800, BMP280, 27.034298, 1011.626526
2017-05-15 10:25:01 +0800, BMP280, 27.036304, 1011.591675
2017-05-15 10:25:31 +0800, BMP280, 27.032290, 1011.628662
2017-05-15 10:26:01 +0800, BMP280, 27.031286, 1011.627014
2017-05-15 10:26:31 +0800, BMP280, 27.033293, 1011.597595
2017-05-15 10:27:01 +0800, BMP280, 27.031286, 1011.599670
2017-05-15 10:27:31 +0800, BMP280, 27.030283, 1011.625244
2017-05-15 10:28:01 +0800, BMP280, 27.020245, 1011.657471
2017-05-15 10:28:31 +0800, BMP280, 27.026268, 1011.634888
2017-05-15 10:29:01 +0800, BMP280, 27.019241, 1011.628723
2017-05-15 10:29:31 +0800, BMP280, 27.023256, 1011.651672
2017-05-15 10:30:01 +0800, BMP280, 27.019241, 1011.655823
2017-05-15 10:30:32 +0800, BMP280, 27.029278, 1011.678040
2017-05-15 10:31:02 +0800, BMP280, 27.031286, 1011.692261
2017-05-15 10:31:32 +0800, BMP280, 27.029278, 1011.694397
2017-05-15 10:32:02 +0800, BMP280, 27.030283, 1011.647034
2017-05-15 10:32:32 +0800, BMP280, 27.035301, 1011.682556
2017-05-15 10:33:02 +0800, BMP280, 27.045338, 1011.666626
2017-05-15 10:33:32 +0800, BMP280, 27.050356, 1011.664001
2017-05-15 10:34:02 +0800, BMP280, 27.041323, 1011.649048
2017-05-15 10:34:32 +0800, BMP280, 27.053368, 1011.658203
2017-05-15 10:35:02 +0800, BMP280, 27.052364, 1011.634705
2017-05-15 10:35:32 +0800, BMP280, 27.059391, 1011.651917
2017-05-15 10:36:02 +0800, BMP280, 27.073442, 1011.658936
2017-05-15 10:36:32 +0800, BMP280, 27.070431, 1011.626709
2017-05-15 10:37:02 +0800, BMP280, 27.055376, 1011.672546
2017-05-15 10:37:32 +0800, BMP280, 27.004185, 1011.690735
2017-05-15 10:38:02 +0800, BMP280, 27.021248, 1011.637451
2017-05-15 10:38:32 +0800, BMP280, 27.027271, 1011.620178
2017-05-15 10:39:02 +0800, BMP280, 27.052364, 1011.634766
2017-05-15 10:39:32 +0800, BMP280, 27.075451, 1011.613342
2017-05-15 10:40:02 +0800, BMP280, 27.086491, 1011.631775
2017-05-15 10:40:32 +0800, BMP280, 27.101547, 1011.596924
2017-05-15 10:41:02 +0800, BMP280, 27.058386, 1011.584900
2017-05-15 10:41:32 +0800, BMP280, 27.073442, 1011.610046
2017-05-15 10:42:02 +0800, BMP280, 27.080469, 1011.616211
2017-05-15 10:42:32 +0800, BMP280, 27.079466, 1011.620056
2017-05-15 10:43:02 +0800, BMP280, 27.069427, 1011.652344
2017-05-15 10:43:32 +0800, BMP280, 27.068424, 1011.623352
2017-05-15 10:44:02 +0800, BMP280, 27.022253, 1011.606445
2017-05-15 10:44:32 +0800, BMP280, 27.039316, 1011.618591
2017-05-15 10:45:02 +0800, BMP280, 27.053368, 1011.630981
2017-05-15 10:45:32 +0800, BMP280, 27.082476, 1011.625122
2017-05-15 10:46:02 +0800, BMP280, 27.088499, 1011.613281
2017-05-15 10:46:32 +0800, BMP280, 27.100544, 1011.633301
2017-05-15 10:47:02 +0800, BMP280, 27.097532, 1011.628296
2017-05-15 10:47:32 +0800, BMP280, 27.100544, 1011.627869
2017-05-15 10:48:02 +0800, BMP280, 27.106565, 1011.637939
2017-05-15 10:48:32 +0800, BMP280, 27.095524, 1011.635864
2017-05-15 10:49:02 +0800, BMP280, 27.089502, 1011.653015
2017-05-15 10:49:32 +0800, BMP280, 27.080469, 1011.643494
2017-05-15 10:50:02 +0800, BMP280, 27.076454, 1011.642273
2017-05-15 10:50:32 +0800, BMP280, 27.072439, 1011.624634
2017-05-15 10:51:02 +0800, BMP280, 27.067421, 1011.583679
2017-05-15 10:51:33 +0800, BMP280, 27.065413, 1011.580322
2017-05-15 10:52:03 +0800, BMP280, 27.062401, 1011.553589
2017-05-15 10:52:33 +0800, BMP280, 27.063406, 1011.577026
2017-05-15 10:53:03 +0800, BMP280, 27.062401, 1011.553589
2017-05-15 10:53:33 +0800, BMP280, 27.062401, 1011.542725
2017-05-15 10:54:03 +0800, BMP280, 27.067421, 1011.572815
2017-05-15 10:54:33 +0800, BMP280, 27.065413, 1011.564087
2017-05-15 10:55:03 +0800, BMP280, 27.072439, 1011.553955
2017-05-15 10:55:33 +0800, BMP280, 27.070431, 1011.534241
2017-05-15 10:56:03 +0800, BMP280, 27.075451, 1011.526245
2017-05-15 10:56:33 +0800, BMP280, 27.080469, 1011.545593
2017-05-15 10:57:03 +0800, BMP280, 27.080469, 1011.534607
2017-05-15 10:57:33 +0800, BMP280, 27.079466, 1011.522034
2017-05-15 10:58:03 +0800, BMP280, 27.077457, 1011.502319
2017-05-15 10:58:33 +0800, BMP280, 27.076454, 1011.489807
2017-05-15 10:59:03 +0800, BMP280, 27.076454, 1011.506165
2017-05-15 10:59:33 +0800, BMP280, 27.077457, 1011.496948
2017-05-15 11:00:03 +0800, BMP280, 27.073442, 1011.490173
2017-05-15 11:00:33 +0800, BMP280, 27.076454, 1011.500732
2017-05-15 11:01:03 +0800, BMP280, 27.080469, 1011.507507
2017-05-15 11:01:33 +0800, BMP280, 27.071436, 1011.492310
2017-05-15 11:02:03 +0800, BMP280, 27.071436, 1011.481506
2017-05-15 11:02:33 +0800, BMP280, 27.072439, 1011.493958
2017-05-15 11:03:03 +0800, BMP280, 27.072439, 1011.477722
2017-05-15 11:03:33 +0800, BMP280, 27.081472, 1011.536316
2017-05-15 11:04:03 +0800, BMP280, 27.083481, 1011.490662
2017-05-15 11:04:33 +0800, BMP280, 27.078461, 1011.482300
2017-05-15 11:05:03 +0800, BMP280, 27.073442, 1011.495667
2017-05-15 11:05:33 +0800, BMP280, 27.068424, 1011.492737
2017-05-15 11:06:03 +0800, BMP280, 27.067421, 1011.425842
2017-05-15 11:06:33 +0800, BMP280, 27.070431, 1011.452515
2017-05-15 11:07:03 +0800, BMP280, 27.071436, 1011.432434
2017-05-15 11:07:33 +0800, BMP280, 27.074446, 1011.464722
2017-05-15 11:08:03 +0800, BMP280, 27.070431, 1011.458130
2017-05-15 11:08:33 +0800, BMP280, 27.065413, 1011.433411
2017-05-15 11:09:03 +0800, BMP280, 27.067421, 1011.436707
2017-05-15 11:09:33 +0800, BMP280, 27.075451, 1011.384766
2017-05-15 11:10:03 +0800, BMP280, 27.077457, 1011.377197
2017-05-15 11:10:33 +0800, BMP280, 27.075451, 1011.390137
2017-05-15 11:11:03 +0800, BMP280, 27.084484, 1011.410522
2017-05-15 11:11:33 +0800, BMP280, 27.090506, 1011.360718
2017-05-15 11:12:04 +0800, BMP280, 27.085487, 1011.303467
2017-05-15 11:12:34 +0800, BMP280, 27.087496, 1011.301270
2017-05-15 11:13:04 +0800, BMP280, 27.077457, 1011.284729
2017-05-15 11:13:34 +0800, BMP280, 27.082476, 1011.271240
2017-05-15 11:14:04 +0800, BMP280, 27.084484, 1011.280029
2017-05-15 11:14:34 +0800, BMP280, 27.081472, 1011.269531
2017-05-15 11:15:04 +0800, BMP280, 27.083481, 1011.267517
2017-05-15 11:15:34 +0800, BMP280, 27.086491, 1011.261658
2017-05-15 11:16:04 +0800, BMP280, 27.083481, 1011.283752
2017-05-15 11:16:34 +0800, BMP280, 27.085487, 1011.243469
2017-05-15 11:17:04 +0800, BMP280, 27.091511, 1011.258972
2017-05-15 11:17:34 +0800, BMP280, 27.090506, 1011.251892
2017-05-15 11:18:04 +0800, BMP280, 27.093517, 1011.235168
2017-05-15 11:18:34 +0800, BMP280, 27.094521, 1011.236755
2017-05-15 11:19:04 +0800, BMP280, 27.095524, 1011.227600
2017-05-15 11:19:34 +0800, BMP280, 27.101547, 1011.215820
2017-05-15 11:20:04 +0800, BMP280, 27.094521, 1011.220459
2017-05-15 11:20:34 +0800, BMP280, 27.088499, 1011.243103
2017-05-15 11:21:04 +0800, BMP280, 27.086491, 1011.283264
2017-05-15 11:21:34 +0800, BMP280, 27.092514, 1011.282410
2017-05-15 11:22:04 +0800, BMP280, 27.093517, 1011.278687
2017-05-15 11:22:34 +0800, BMP280, 27.083481, 1011.311035
2017-05-15 11:23:04 +0800, BMP280, 27.092514, 1011.293335
2017-05-15 11:23:34 +0800, BMP280, 27.092514, 1011.304260
2017-05-15 11:24:04 +0800, BMP280, 27.090506, 1011.311768
2017-05-15 11:24:34 +0800, BMP280, 27.092514, 1011.298767
2017-05-15 11:25:04 +0800, BMP280, 27.104559, 1011.329712
2017-05-15 11:25:34 +0800, BMP280, 27.106565, 1011.392944
2017-05-15 11:26:04 +0800, BMP280, 27.110580, 1011.405090
2017-05-15 11:26:34 +0800, BMP280, 27.107569, 1011.400085
2017-05-15 11:27:04 +0800, BMP280, 27.101547, 1011.411804
2017-05-15 11:27:34 +0800, BMP280, 27.102551, 1011.429810
2017-05-15 11:28:04 +0800, BMP280, 27.102551, 1011.435242
2017-05-15 11:28:34 +0800, BMP280, 27.112589, 1011.397522
2017-05-15 11:29:04 +0800, BMP280, 27.118610, 1011.374878
2017-05-15 11:29:34 +0800, BMP280, 27.121622, 1011.358093
2017-05-15 11:30:04 +0800, BMP280, 27.122625, 1011.392456
2017-05-15 11:30:34 +0800, BMP280, 27.123629, 1011.377869
2017-05-15 11:31:04 +0800, BMP280, 27.120619, 1011.372742
2017-05-15 11:31:34 +0800, BMP280, 27.114595, 1011.406311
2017-05-15 11:32:04 +0800, BMP280, 27.115599, 1011.397217
2017-05-15 11:32:35 +0800, BMP280, 27.119614, 1011.360168
2017-05-15 11:33:05 +0800, BMP280, 27.115599, 1011.364441
2017-05-15 11:33:35 +0800, BMP280, 27.118610, 1011.369446
2017-05-15 11:34:05 +0800, BMP280, 27.123629, 1011.356079
2017-05-15 11:34:35 +0800, BMP280, 27.117607, 1011.400391
2017-05-15 11:35:05 +0800, BMP280, 27.114595, 1011.362793
2017-05-15 11:35:35 +0800, BMP280, 27.112589, 1011.397583
2017-05-15 11:36:05 +0800, BMP280, 27.114595, 1011.340942
2017-05-15 11:36:35 +0800, BMP280, 27.116604, 1011.355164
2017-05-15 11:37:05 +0800, BMP280, 27.117607, 1011.384155
2017-05-15 11:37:35 +0800, BMP280, 27.117607, 1011.378784
2017-05-15 11:38:05 +0800, BMP280, 27.116604, 1011.349792
2017-05-15 11:38:35 +0800, BMP280, 27.114595, 1011.357361
2017-05-15 11:39:05 +0800, BMP280, 27.113592, 1011.404663
2017-05-15 11:39:35 +0800, BMP280, 27.107569, 1011.416443
2017-05-15 11:40:05 +0800, BMP280, 27.111584, 1011.423157
2017-05-15 11:40:35 +0800, BMP280, 27.115599, 1011.418945
2017-05-15 11:41:05 +0800, BMP280, 27.124634, 1011.428467
2017-05-15 11:41:35 +0800, BMP280, 27.129652, 1011.474976
2017-05-15 11:42:05 +0800, BMP280, 27.128649, 1011.467896
2017-05-15 11:42:35 +0800, BMP280, 27.123629, 1011.459412
2017-05-15 11:43:05 +0800, BMP280, 27.128649, 1011.505981
2017-05-15 11:43:35 +0800, BMP280, 27.129652, 1011.518494
2017-05-15 11:44:05 +0800, BMP280, 27.127644, 1011.531494
2017-05-15 11:44:35 +0800, BMP280, 27.132664, 1011.507202
2017-05-15 11:45:05 +0800, BMP280, 27.129652, 1011.518555
2017-05-15 11:45:35 +0800, BMP280, 27.130655, 1011.531128
2017-05-15 11:46:05 +0800, BMP280, 27.126640, 1011.529846
2017-05-15 11:46:35 +0800, BMP280, 27.119614, 1011.507263
2017-05-15 11:47:05 +0800, BMP280, 27.126640, 1011.518921
2017-05-15 11:47:35 +0800, BMP280, 27.116604, 1011.469543
2017-05-15 11:48:05 +0800, BMP280, 27.111584, 1011.444824
2017-05-15 11:48:35 +0800, BMP280, 27.114595, 1011.439026
2017-05-15 11:49:05 +0800, BMP280, 27.116604, 1011.398865
2017-05-15 11:49:35 +0800, BMP280, 27.116604, 1011.387939
2017-05-15 11:50:05 +0800, BMP280, 27.113592, 1011.339355
2017-05-15 11:50:35 +0800, BMP280, 27.110580, 1011.296204
2017-05-15 11:51:05 +0800, BMP280, 27.104559, 1011.297058
2017-05-15 11:51:35 +0800, BMP280, 27.097532, 1011.263550
2017-05-15 11:52:05 +0800, BMP280, 27.103554, 1011.246338
2017-05-15 11:52:35 +0800, BMP280, 27.101547, 1011.232117
2017-05-15 11:53:06 +0800, BMP280, 27.103554, 1011.230103
2017-05-15 11:53:36 +0800, BMP280, 27.112589, 1011.261414
2017-05-15 11:54:06 +0800, BMP280, 27.115599, 1011.261047
2017-05-15 11:54:36 +0800, BMP280, 27.117607, 1011.258972
2017-05-15 11:55:06 +0800, BMP280, 27.112589, 1011.272400
2017-05-15 11:55:36 +0800, BMP280, 27.117607, 1011.269775
2017-05-15 11:56:06 +0800, BMP280, 27.123629, 1011.301636
2017-05-15 11:56:36 +0800, BMP280, 27.126640, 1011.290283
2017-05-15 11:57:06 +0800, BMP280, 27.125637, 1011.277710
2017-05-15 11:57:36 +0800, BMP280, 27.126640, 1011.235840
2017-05-15 11:58:06 +0800, BMP280, 27.126640, 1011.208618
2017-05-15 11:58:36 +0800, BMP280, 27.126640, 1011.181396
2017-05-15 11:59:06 +0800, BMP280, 27.133667, 1011.176758
2017-05-15 11:59:36 +0800, BMP280, 27.135674, 1011.141968
2017-05-15 12:00:06 +0800, BMP280, 27.133667, 1011.116882
2017-05-15 12:00:36 +0800, BMP280, 27.138685, 1011.119812
2017-05-15 12:01:06 +0800, BMP280, 27.135674, 1011.109314
2017-05-15 12:01:36 +0800, BMP280, 27.138685, 1011.103333
2017-05-15 12:02:06 +0800, BMP280, 27.134670, 1011.091370
2017-05-15 12:02:36 +0800, BMP280, 27.128649, 1011.108521
2017-05-15 12:03:06 +0800, BMP280, 27.131659, 1011.113586
2017-05-15 12:03:36 +0800, BMP280, 27.137682, 1011.101746
2017-05-15 12:04:06 +0800, BMP280, 27.137682, 1011.177979
2017-05-15 12:04:36 +0800, BMP280, 27.136679, 1011.192627
2017-05-15 12:05:06 +0800, BMP280, 27.138685, 1011.190552
2017-05-15 12:05:36 +0800, BMP280, 27.138685, 1011.185059
2017-05-15 12:06:06 +0800, BMP280, 27.141697, 1011.222778
2017-05-15 12:06:36 +0800, BMP280, 27.142700, 1011.218994
2017-05-15 12:07:06 +0800, BMP280, 27.141697, 1011.211853
2017-05-15 12:07:36 +0800, BMP280, 27.138685, 1011.179626
2017-05-15 12:08:06 +0800, BMP280, 27.139688, 1011.175842
2017-05-15 12:08:36 +0800, BMP280, 27.147718, 1011.134766
2017-05-15 12:09:06 +0800, BMP280, 27.141697, 1011.146484
2017-05-15 12:09:36 +0800, BMP280, 27.142700, 1011.099182
2017-05-15 12:10:06 +0800, BMP280, 27.140694, 1011.074097
2017-05-15 12:10:36 +0800, BMP280, 27.136679, 1011.040161
2017-05-15 12:11:06 +0800, BMP280, 27.137682, 1011.025574
2017-05-15 12:11:36 +0800, BMP280, 27.132664, 1011.033569
2017-05-15 12:12:06 +0800, BMP280, 27.136679, 1011.040222
2017-05-15 12:12:36 +0800, BMP280, 27.143703, 1011.046387
2017-05-15 12:13:06 +0800, BMP280, 27.142700, 1011.044861
2017-05-15 12:13:37 +0800, BMP280, 27.142700, 1011.050232
2017-05-15 12:14:07 +0800, BMP280, 27.140694, 1011.052307
2017-05-15 12:14:37 +0800, BMP280, 27.144707, 1011.042725
2017-05-15 12:15:07 +0800, BMP280, 27.151733, 1011.048767
2017-05-15 12:15:37 +0800, BMP280, 27.149727, 1011.040100
2017-05-15 12:16:07 +0800, BMP280, 27.149727, 1011.034607
2017-05-15 12:16:37 +0800, BMP280, 27.146715, 1011.040588
2017-05-15 12:17:07 +0800, BMP280, 27.141697, 1010.983215
2017-05-15 12:17:37 +0800, BMP280, 27.144707, 1010.977356
2017-05-15 12:18:07 +0800, BMP280, 27.146715, 1010.953430
2017-05-15 12:18:37 +0800, BMP280, 27.141697, 1010.961426
2017-05-15 12:19:07 +0800, BMP280, 27.139688, 1010.909119
2017-05-15 12:19:37 +0800, BMP280, 27.138685, 1010.929199
2017-05-15 12:20:07 +0800, BMP280, 27.138685, 1010.880127
2017-05-15 12:20:37 +0800, BMP280, 27.140694, 1010.872620
2017-05-15 12:21:07 +0800, BMP280, 27.139688, 1010.816528
2017-05-15 12:21:37 +0800, BMP280, 27.144707, 1010.803101
2017-05-15 12:22:07 +0800, BMP280, 27.142700, 1010.810669
2017-05-15 12:22:37 +0800, BMP280, 27.141697, 1010.776245
2017-05-15 12:23:07 +0800, BMP280, 27.141697, 1010.787292
2017-05-15 12:23:37 +0800, BMP280, 27.144707, 1010.770508
2017-05-15 12:24:07 +0800, BMP280, 27.146715, 1010.768372
2017-05-15 12:24:37 +0800, BMP280, 27.152737, 1010.794678
2017-05-15 12:25:07 +0800, BMP280, 27.152737, 1010.778320
2017-05-15 12:25:37 +0800, BMP280, 27.157757, 1010.797546
2017-05-15 12:26:07 +0800, BMP280, 27.162775, 1010.800476
2017-05-15 12:26:37 +0800, BMP280, 27.164782, 1010.765686
2017-05-15 12:27:07 +0800, BMP280, 27.160767, 1010.748169
2017-05-15 12:27:37 +0800, BMP280, 27.163778, 1010.736755
2017-05-15 12:28:07 +0800, BMP280, 27.160767, 1010.715454
2017-05-15 12:28:37 +0800, BMP280, 27.164782, 1010.727600
2017-05-15 12:29:07 +0800, BMP280, 27.165787, 1010.712891
2017-05-15 12:29:37 +0800, BMP280, 27.172812, 1010.708252
2017-05-15 12:30:07 +0800, BMP280, 27.172812, 1010.719177
2017-05-15 12:30:37 +0800, BMP280, 27.168797, 1010.750488
2017-05-15 12:31:07 +0800, BMP280, 27.175823, 1010.707886
2017-05-15 12:31:37 +0800, BMP280, 27.177832, 1010.705811
2017-05-15 12:32:07 +0800, BMP280, 27.175823, 1010.691589
2017-05-15 12:32:37 +0800, BMP280, 27.180841, 1010.699951
2017-05-15 12:33:07 +0800, BMP280, 27.180841, 1010.672668
2017-05-15 12:33:37 +0800, BMP280, 27.181847, 1010.652649
2017-05-15 12:34:08 +0800, BMP280, 27.179838, 1010.600159
2017-05-15 12:34:38 +0800, BMP280, 27.175823, 1010.609863
2017-05-15 12:35:08 +0800, BMP280, 27.172812, 1010.572144
2017-05-15 12:35:38 +0800, BMP280, 27.170805, 1010.557861
2017-05-15 12:36:08 +0800, BMP280, 27.169802, 1010.480042
2017-05-15 12:36:38 +0800, BMP280, 27.171808, 1010.467102
2017-05-15 12:37:08 +0800, BMP280, 27.177832, 1010.428162
2017-05-15 12:37:38 +0800, BMP280, 27.173817, 1010.377869
2017-05-15 12:38:08 +0800, BMP280, 27.176826, 1010.377441
2017-05-15 12:38:38 +0800, BMP280, 27.177832, 1010.373718
2017-05-15 12:39:08 +0800, BMP280, 27.179838, 1010.371582
2017-05-15 12:39:38 +0800, BMP280, 27.175823, 1010.337646
2017-05-15 12:40:08 +0800, BMP280, 27.181847, 1010.353149
2017-05-15 12:40:38 +0800, BMP280, 27.179838, 1010.349792
2017-05-15 12:41:08 +0800, BMP280, 27.185862, 1010.359863
2017-05-15 12:41:38 +0800, BMP280, 27.185862, 1010.338013
2017-05-15 12:42:08 +0800, BMP280, 27.182850, 1010.343933
2017-05-15 12:42:38 +0800, BMP280, 27.185862, 1010.354370
2017-05-15 12:43:08 +0800, BMP280, 27.190880, 1010.379028
2017-05-15 12:43:38 +0800, BMP280, 27.189877, 1010.339294
2017-05-15 12:44:08 +0800, BMP280, 27.190880, 1010.346375
2017-05-15 12:44:38 +0800, BMP280, 27.183853, 1010.334717
2017-05-15 12:45:08 +0800, BMP280, 27.185862, 1010.289001
2017-05-15 12:45:38 +0800, BMP280, 27.185862, 1010.299927
2017-05-15 12:46:08 +0800, BMP280, 27.186865, 1010.317932
2017-05-15 12:46:38 +0800, BMP280, 27.189877, 1010.322937
2017-05-15 12:47:08 +0800, BMP280, 27.195898, 1010.343811
2017-05-15 12:47:38 +0800, BMP280, 27.194895, 1010.293213
2017-05-15 12:48:08 +0800, BMP280, 27.192886, 1010.278870
2017-05-15 12:48:38 +0800, BMP280, 27.199913, 1010.301453
2017-05-15 12:49:08 +0800, BMP280, 27.200916, 1010.292236
2017-05-15 12:49:38 +0800, BMP280, 27.199913, 1010.312317
2017-05-15 12:50:08 +0800, BMP280, 27.206940, 1010.280457
2017-05-15 12:50:38 +0800, BMP280, 27.202925, 1010.279236
2017-05-15 12:51:08 +0800, BMP280, 27.201920, 1010.239441
2017-05-15 12:51:38 +0800, BMP280, 27.200916, 1010.221375
2017-05-15 12:52:08 +0800, BMP280, 27.200916, 1010.210510
2017-05-15 12:52:38 +0800, BMP280, 27.203928, 1010.188293
2017-05-15 12:53:08 +0800, BMP280, 27.201920, 1010.174072
2017-05-15 12:53:38 +0800, BMP280, 27.199913, 1010.181641
2017-05-15 12:54:08 +0800, BMP280, 27.202925, 1010.181152
2017-05-15 12:54:39 +0800, BMP280, 27.202925, 1010.153992
2017-05-15 12:55:09 +0800, BMP280, 27.206940, 1010.122559
2017-05-15 12:55:39 +0800, BMP280, 27.209949, 1010.111267
2017-05-15 12:56:09 +0800, BMP280, 27.207943, 1010.102478
2017-05-15 12:56:39 +0800, BMP280, 27.209949, 1010.094971
2017-05-15 12:57:09 +0800, BMP280, 27.210955, 1010.091125
2017-05-15 12:57:39 +0800, BMP280, 27.203928, 1010.090332
2017-05-15 12:58:09 +0800, BMP280, 27.204931, 1010.102844
2017-05-15 12:58:39 +0800, BMP280, 27.201920, 1010.125061
2017-05-15 12:59:09 +0800, BMP280, 27.203928, 1010.133850
2017-05-15 12:59:39 +0800, BMP280, 27.200916, 1010.145203
2017-05-15 13:00:09 +0800, BMP280, 27.198910, 1010.152832
2017-05-15 13:00:39 +0800, BMP280, 27.206940, 1010.182495
2017-05-15 13:01:09 +0800, BMP280, 27.208946, 1010.164001
2017-05-15 13:01:39 +0800, BMP280, 27.202925, 1010.186646
2017-05-15 13:02:09 +0800, BMP280, 27.195898, 1010.180481
2017-05-15 13:02:39 +0800, BMP280, 27.196901, 1010.133118
2017-05-15 13:03:09 +0800, BMP280, 27.197905, 1010.167419
2017-05-15 13:03:39 +0800, BMP280, 27.198910, 1010.147339
2017-05-15 13:04:09 +0800, BMP280, 27.203928, 1010.177490
2017-05-15 13:04:39 +0800, BMP280, 27.204931, 1010.146423
2017-05-15 13:05:09 +0800, BMP280, 27.200916, 1010.134338
2017-05-15 13:05:39 +0800, BMP280, 27.202925, 1010.153992
2017-05-15 13:06:09 +0800, BMP280, 27.198910, 1010.131042
2017-05-15 13:06:39 +0800, BMP280, 27.193892, 1010.144531
2017-05-15 13:07:09 +0800, BMP280, 27.193892, 1010.171692
2017-05-15 13:07:39 +0800, BMP280, 27.192886, 1010.137390
2017-05-15 13:08:09 +0800, BMP280, 27.198910, 1010.141846
2017-05-15 13:08:39 +0800, BMP280, 27.195898, 1010.153259
2017-05-15 13:09:09 +0800, BMP280, 27.194895, 1010.178772
2017-05-15 13:09:39 +0800, BMP280, 27.197905, 1010.162048
2017-05-15 13:10:09 +0800, BMP280, 27.196901, 1010.192993
2017-05-15 13:10:39 +0800, BMP280, 27.191883, 1010.152039
2017-05-15 13:11:09 +0800, BMP280, 27.191883, 1010.113892
2017-05-15 13:11:39 +0800, BMP280, 27.191883, 1010.108459
2017-05-15 13:12:09 +0800, BMP280, 27.191883, 1010.103027
2017-05-15 13:12:39 +0800, BMP280, 27.194895, 1010.080750
2017-05-15 13:13:09 +0800, BMP280, 27.194895, 1010.058960
2017-05-15 13:13:39 +0800, BMP280, 27.187868, 1010.112671
2017-05-15 13:14:09 +0800, BMP280, 27.188871, 1010.032715
2017-05-15 13:14:39 +0800, BMP280, 27.185862, 1010.022156
2017-05-15 13:15:10 +0800, BMP280, 27.187868, 1010.036499
2017-05-15 13:15:40 +0800, BMP280, 27.182850, 1009.990051
2017-05-15 13:16:10 +0800, BMP280, 27.187868, 1010.009155
2017-05-15 13:16:40 +0800, BMP280, 27.189877, 1009.979919
2017-05-15 13:17:10 +0800, BMP280, 27.185862, 1009.924255
2017-05-15 13:17:40 +0800, BMP280, 27.184856, 1009.982422
2017-05-15 13:18:10 +0800, BMP280, 27.191883, 1009.950562
2017-05-15 13:18:40 +0800, BMP280, 27.186865, 1009.898682
2017-05-15 13:19:10 +0800, BMP280, 27.189877, 1009.876404
2017-05-15 13:19:40 +0800, BMP280, 27.185862, 1009.880676
2017-05-15 13:20:10 +0800, BMP280, 27.183853, 1009.828369
2017-05-15 13:20:40 +0800, BMP280, 27.184856, 1009.868164
2017-05-15 13:21:10 +0800, BMP280, 27.180841, 1009.801575
2017-05-15 13:21:40 +0800, BMP280, 27.180841, 1009.801575
2017-05-15 13:22:10 +0800, BMP280, 27.184856, 1009.770203
2017-05-15 13:22:40 +0800, BMP280, 27.179838, 1009.772766
2017-05-15 13:23:10 +0800, BMP280, 27.176826, 1009.718628
2017-05-15 13:23:40 +0800, BMP280, 27.183853, 1009.714050
2017-05-15 13:24:10 +0800, BMP280, 27.181847, 1009.705383
2017-05-15 13:24:40 +0800, BMP280, 27.181847, 1009.678101
2017-05-15 13:25:10 +0800, BMP280, 27.180841, 1009.649170
2017-05-15 13:25:40 +0800, BMP280, 27.176826, 1009.642395
2017-05-15 13:26:10 +0800, BMP280, 27.175823, 1009.619019
2017-05-15 13:26:40 +0800, BMP280, 27.173817, 1009.621094
2017-05-15 13:27:10 +0800, BMP280, 27.178835, 1009.607727
2017-05-15 13:27:40 +0800, BMP280, 27.173817, 1009.604736
2017-05-15 13:28:10 +0800, BMP280, 27.176826, 1009.626160
2017-05-15 13:28:40 +0800, BMP280, 27.178835, 1009.596802
2017-05-15 13:29:10 +0800, BMP280, 27.176826, 1009.626160
2017-05-15 13:29:40 +0800, BMP280, 27.176826, 1009.598938
2017-05-15 13:30:10 +0800, BMP280, 27.181847, 1009.623657
2017-05-15 13:30:40 +0800, BMP280, 27.180841, 1009.583801
2017-05-15 13:31:10 +0800, BMP280, 27.183853, 1009.605164
2017-05-15 13:31:40 +0800, BMP280, 27.180841, 1009.660034
2017-05-15 13:32:10 +0800, BMP280, 27.174820, 1009.617310
2017-05-15 13:32:40 +0800, BMP280, 27.170805, 1009.626953
2017-05-15 13:33:10 +0800, BMP280, 27.168797, 1009.618225
2017-05-15 13:33:40 +0800, BMP280, 27.165787, 1009.602356
2017-05-15 13:34:10 +0800, BMP280, 27.154745, 1009.545837
2017-05-15 13:34:40 +0800, BMP280, 27.159763, 1009.521484
2017-05-15 13:35:10 +0800, BMP280, 27.155748, 1009.525696
2017-05-15 13:35:41 +0800, BMP280, 27.152737, 1009.531616
2017-05-15 13:36:11 +0800, BMP280, 27.146715, 1009.521667
2017-05-15 13:36:41 +0800, BMP280, 27.146715, 1009.521606
2017-05-15 13:37:11 +0800, BMP280, 27.144707, 1009.507446
2017-05-15 13:37:41 +0800, BMP280, 27.150730, 1009.539124
2017-05-15 13:38:11 +0800, BMP280, 27.145712, 1009.530945
2017-05-15 13:38:41 +0800, BMP280, 27.153742, 1009.549622
2017-05-15 13:39:11 +0800, BMP280, 27.150730, 1009.555481
2017-05-15 13:39:41 +0800, BMP280, 27.140694, 1009.549805
2017-05-15 13:40:11 +0800, BMP280, 27.148722, 1009.568542
2017-05-15 13:40:41 +0800, BMP280, 27.139688, 1009.531738
2017-05-15 13:41:11 +0800, BMP280, 27.138685, 1009.584534
2017-05-15 13:41:41 +0800, BMP280, 27.134670, 1009.572388
2017-05-15 13:42:11 +0800, BMP280, 27.138685, 1009.562683
2017-05-15 13:42:41 +0800, BMP280, 27.132664, 1009.569092
2017-05-15 13:43:11 +0800, BMP280, 27.125637, 1009.557373
2017-05-15 13:43:41 +0800, BMP280, 27.123629, 1009.537720
2017-05-15 13:44:11 +0800, BMP280, 27.124634, 1009.539429
2017-05-15 13:44:41 +0800, BMP280, 27.123629, 1009.488708
2017-05-15 13:45:11 +0800, BMP280, 27.124634, 1009.468689
2017-05-15 13:45:41 +0800, BMP280, 27.125637, 1009.475769
2017-05-15 13:46:11 +0800, BMP280, 27.122625, 1009.481689
2017-05-15 13:46:41 +0800, BMP280, 27.116604, 1009.460815
2017-05-15 13:47:11 +0800, BMP280, 27.119614, 1009.465759
2017-05-15 13:47:41 +0800, BMP280, 27.117607, 1009.456970
2017-05-15 13:48:11 +0800, BMP280, 27.109577, 1009.481750
2017-05-15 13:48:41 +0800, BMP280, 27.110580, 1009.488892
2017-05-15 13:49:11 +0800, BMP280, 27.115599, 1009.470032
2017-05-15 13:49:41 +0800, BMP280, 27.109577, 1009.454529
2017-05-15 13:50:11 +0800, BMP280, 27.115599, 1009.469971
2017-05-15 13:50:41 +0800, BMP280, 27.112589, 1009.459534
2017-05-15 13:51:11 +0800, BMP280, 27.108574, 1009.436401
2017-05-15 13:51:41 +0800, BMP280, 27.108574, 1009.469177
2017-05-15 13:52:11 +0800, BMP280, 27.106565, 1009.460388
2017-05-15 13:52:41 +0800, BMP280, 27.110580, 1009.434448
2017-05-15 13:53:11 +0800, BMP280, 27.110580, 1009.467102
2017-05-15 13:53:41 +0800, BMP280, 27.102551, 1009.459167
2017-05-15 13:54:11 +0800, BMP280, 27.096529, 1009.432861
2017-05-15 13:54:41 +0800, BMP280, 27.104559, 1009.413452
2017-05-15 13:55:11 +0800, BMP280, 27.106565, 1009.384155
2017-05-15 13:55:41 +0800, BMP280, 27.105562, 1009.431519
2017-05-15 13:56:11 +0800, BMP280, 27.109577, 1009.394653
2017-05-15 13:56:42 +0800, BMP280, 27.107569, 1009.429443
2017-05-15 13:57:12 +0800, BMP280, 27.109577, 1009.443665
2017-05-15 13:57:42 +0800, BMP280, 27.106565, 1009.460388
2017-05-15 13:58:12 +0800, BMP280, 27.099539, 1009.481384
2017-05-15 13:58:42 +0800, BMP280, 27.104559, 1009.467896
2017-05-15 13:59:12 +0800, BMP280, 27.103554, 1009.433655
2017-05-15 13:59:42 +0800, BMP280, 27.106565, 1009.433167
2017-05-15 14:00:12 +0800, BMP280, 27.101547, 1009.430237
2017-05-15 14:00:42 +0800, BMP280, 27.099539, 1009.410583
2017-05-15 14:01:12 +0800, BMP280, 27.105562, 1009.387878
2017-05-15 14:01:42 +0800, BMP280, 27.094521, 1009.342346
2017-05-15 14:02:12 +0800, BMP280, 27.092514, 1009.339050
2017-05-15 14:02:42 +0800, BMP280, 27.089502, 1009.350403
2017-05-15 14:03:12 +0800, BMP280, 27.089502, 1009.312317
2017-05-15 14:03:42 +0800, BMP280, 27.088499, 1009.305176
2017-05-15 14:04:12 +0800, BMP280, 27.085487, 1009.305603
2017-05-15 14:04:42 +0800, BMP280, 27.082476, 1009.289734
2017-05-15 14:05:12 +0800, BMP280, 27.082476, 1009.300598
2017-05-15 14:05:42 +0800, BMP280, 27.085487, 1009.316467
2017-05-15 14:06:12 +0800, BMP280, 27.083481, 1009.296875
2017-05-15 14:06:42 +0800, BMP280, 27.083481, 1009.264282
2017-05-15 14:07:12 +0800, BMP280, 27.081472, 1009.282715
2017-05-15 14:07:42 +0800, BMP280, 27.082476, 1009.289795
2017-05-15 14:08:12 +0800, BMP280, 27.089502, 1009.263306
2017-05-15 14:08:42 +0800, BMP280, 27.086491, 1009.274658
2017-05-15 14:09:12 +0800, BMP280, 27.087496, 1009.249023
2017-05-15 14:09:42 +0800, BMP280, 27.091511, 1009.266602
2017-05-15 14:10:12 +0800, BMP280, 27.087496, 1009.254517
2017-05-15 14:10:42 +0800, BMP280, 27.084484, 1009.249573
2017-05-15 14:11:12 +0800, BMP280, 27.082476, 1009.267883
2017-05-15 14:11:42 +0800, BMP280, 27.087496, 1009.287231
2017-05-15 14:12:12 +0800, BMP280, 27.078461, 1009.272156
2017-05-15 14:12:42 +0800, BMP280, 27.078461, 1009.283020
2017-05-15 14:13:12 +0800, BMP280, 27.078461, 1009.277649
2017-05-15 14:13:42 +0800, BMP280, 27.078461, 1009.283081
2017-05-15 14:14:12 +0800, BMP280, 27.081472, 1009.320679
2017-05-15 14:14:42 +0800, BMP280, 27.078461, 1009.304871
2017-05-15 14:15:12 +0800, BMP280, 27.070431, 1009.313293
2017-05-15 14:15:42 +0800, BMP280, 27.068424, 1009.337219
2017-05-15 14:16:12 +0800, BMP280, 27.065413, 1009.353943
2017-05-15 14:16:42 +0800, BMP280, 27.076454, 1009.383179
2017-05-15 14:17:13 +0800, BMP280, 27.076454, 1009.399475
2017-05-15 14:17:43 +0800, BMP280, 27.073442, 1009.399841
2017-05-15 14:18:13 +0800, BMP280, 27.073442, 1009.383545
2017-05-15 14:18:43 +0800, BMP280, 27.072439, 1009.371033
2017-05-15 14:19:13 +0800, BMP280, 27.069427, 1009.420471
2017-05-15 14:19:43 +0800, BMP280, 27.072439, 1009.403625
2017-05-15 14:20:13 +0800, BMP280, 27.077457, 1009.406616
2017-05-15 14:20:43 +0800, BMP280, 27.077457, 1009.363098
2017-05-15 14:21:13 +0800, BMP280, 27.083481, 1009.373047
2017-05-15 14:21:43 +0800, BMP280, 27.077457, 1009.357605
2017-05-15 14:22:13 +0800, BMP280, 27.073442, 1009.339966
2017-05-15 14:22:43 +0800, BMP280, 27.071436, 1009.353027
2017-05-15 14:23:13 +0800, BMP280, 27.064409, 1009.341370
2017-05-15 14:23:43 +0800, BMP280, 27.065413, 1009.332092
2017-05-15 14:24:13 +0800, BMP280, 27.066416, 1009.355591
2017-05-15 14:24:43 +0800, BMP280, 27.064409, 1009.346802
2017-05-15 14:25:13 +0800, BMP280, 27.075451, 1009.365112
2017-05-15 14:25:43 +0800, BMP280, 27.080469, 1009.357178
2017-05-15 14:26:13 +0800, BMP280, 27.082476, 1009.382263
2017-05-15 14:26:43 +0800, BMP280, 27.079466, 1009.377258
2017-05-15 14:27:13 +0800, BMP280, 27.089502, 1009.372192
2017-05-15 14:27:43 +0800, BMP280, 27.088499, 1009.375854
2017-05-15 14:28:13 +0800, BMP280, 27.086491, 1009.361694
2017-05-15 14:28:43 +0800, BMP280, 27.091511, 1009.370056
2017-05-15 14:29:13 +0800, BMP280, 27.086491, 1009.367065
2017-05-15 14:29:43 +0800, BMP280, 27.092514, 1009.366272
2017-05-15 14:30:13 +0800, BMP280, 27.083481, 1009.384033
2017-05-15 14:30:43 +0800, BMP280, 27.086491, 1009.367188
2017-05-15 14:31:13 +0800, BMP280, 27.084484, 1009.369324
2017-05-15 14:31:43 +0800, BMP280, 27.084484, 1009.363892
2017-05-15 14:32:13 +0800, BMP280, 27.077457, 1009.335876
2017-05-15 14:32:43 +0800, BMP280, 27.073442, 1009.378113
2017-05-15 14:33:13 +0800, BMP280, 27.072439, 1009.360168
2017-05-15 14:33:43 +0800, BMP280, 27.067421, 1009.313660
2017-05-15 14:34:13 +0800, BMP280, 27.059391, 1009.316711
2017-05-15 14:34:43 +0800, BMP280, 27.065413, 1009.315857
2017-05-15 14:35:13 +0800, BMP280, 27.064409, 1009.281494
2017-05-15 14:35:43 +0800, BMP280, 27.067421, 1009.270203
2017-05-15 14:36:13 +0800, BMP280, 27.075451, 1009.256287
2017-05-15 14:36:43 +0800, BMP280, 27.076454, 1009.241638
2017-05-15 14:37:13 +0800, BMP280, 27.068424, 1009.217407
2017-05-15 14:37:44 +0800, BMP280, 27.072439, 1009.213135
2017-05-15 14:38:14 +0800, BMP280, 27.075451, 1009.185547
2017-05-15 14:38:44 +0800, BMP280, 27.079466, 1009.197632
2017-05-15 14:39:14 +0800, BMP280, 27.078461, 1009.201416
2017-05-15 14:39:44 +0800, BMP280, 27.078461, 1009.190491
2017-05-15 14:40:14 +0800, BMP280, 27.076454, 1009.219849
2017-05-15 14:40:44 +0800, BMP280, 27.078461, 1009.244995
2017-05-15 14:41:14 +0800, BMP280, 27.077457, 1009.237854
2017-05-15 14:41:44 +0800, BMP280, 27.080469, 1009.215637
2017-05-15 14:42:14 +0800, BMP280, 27.084484, 1009.244019
2017-05-15 14:42:44 +0800, BMP280, 27.075451, 1009.261780
2017-05-15 14:43:14 +0800, BMP280, 27.074446, 1009.276367
2017-05-15 14:43:44 +0800, BMP280, 27.071436, 1009.304016
2017-05-15 14:44:14 +0800, BMP280, 27.064409, 1009.308655
2017-05-15 14:44:44 +0800, BMP280, 27.069427, 1009.327942
2017-05-15 14:45:14 +0800, BMP280, 27.068424, 1009.315369
2017-05-15 14:45:44 +0800, BMP280, 27.067421, 1009.330078
2017-05-15 14:46:14 +0800, BMP280, 27.067421, 1009.324646
2017-05-15 14:46:44 +0800, BMP280, 27.072439, 1009.343811
2017-05-15 14:47:14 +0800, BMP280, 27.080469, 1009.335449
2017-05-15 14:47:44 +0800, BMP280, 27.080469, 1009.340942
2017-05-15 14:48:14 +0800, BMP280, 27.078461, 1009.310181
2017-05-15 14:48:44 +0800, BMP280, 27.082476, 1009.284363
2017-05-15 14:49:14 +0800, BMP280, 27.078461, 1009.266785
2017-05-15 14:49:44 +0800, BMP280, 27.076454, 1009.252502
2017-05-15 14:50:14 +0800, BMP280, 27.069427, 1009.262634
2017-05-15 14:50:44 +0800, BMP280, 27.063406, 1009.214600
2017-05-15 14:51:14 +0800, BMP280, 27.065413, 1009.207031
2017-05-15 14:51:44 +0800, BMP280, 27.071436, 1009.200623
2017-05-15 14:52:14 +0800, BMP280, 27.084484, 1009.216797
2017-05-15 14:52:44 +0800, BMP280, 27.085487, 1009.196716
2017-05-15 14:53:14 +0800, BMP280, 27.088499, 1009.207092
2017-05-15 14:53:44 +0800, BMP280, 27.104559, 1009.179382
2017-05-15 14:54:14 +0800, BMP280, 27.117607, 1009.190247
2017-05-15 14:54:44 +0800, BMP280, 27.131659, 1009.159180
2017-05-15 14:55:14 +0800, BMP280, 27.151733, 1009.181519
2017-05-15 14:55:44 +0800, BMP280, 27.162775, 1009.178162
2017-05-15 14:56:14 +0800, BMP280, 27.162775, 1009.172668
2017-05-15 14:56:44 +0800, BMP280, 27.159763, 1009.145935
2017-05-15 14:57:14 +0800, BMP280, 27.157757, 1009.115295
2017-05-15 14:57:44 +0800, BMP280, 27.160767, 1009.093079
2017-05-15 14:58:15 +0800, BMP280, 27.163778, 1009.070923
2017-05-15 14:58:45 +0800, BMP280, 27.161772, 1009.056702
2017-05-15 14:59:15 +0800, BMP280, 27.170805, 1009.044434
2017-05-15 14:59:45 +0800, BMP280, 27.172812, 1009.036926
2017-05-15 15:00:15 +0800, BMP280, 27.180841, 1009.039490
2017-05-15 15:00:45 +0800, BMP280, 27.194895, 1009.057251
2017-05-15 15:01:15 +0800, BMP280, 27.198910, 1009.074768
2017-05-15 15:01:45 +0800, BMP280, 27.202925, 1009.075989
2017-05-15 15:02:15 +0800, BMP280, 27.199913, 1009.087280
2017-05-15 15:02:45 +0800, BMP280, 27.205935, 1009.140869
2017-05-15 15:03:15 +0800, BMP280, 27.210955, 1009.171021
2017-05-15 15:03:45 +0800, BMP280, 27.209949, 1009.125854
2017-05-15 15:04:15 +0800, BMP280, 27.214970, 1009.128601
2017-05-15 15:04:45 +0800, BMP280, 27.217979, 1009.182617
2017-05-15 15:05:15 +0800, BMP280, 27.220991, 1009.144043
2017-05-15 15:05:45 +0800, BMP280, 27.233036, 1009.196838
2017-05-15 15:06:15 +0800, BMP280, 27.235044, 1009.162109
2017-05-15 15:06:45 +0800, BMP280, 27.231030, 1009.122742
2017-05-15 15:07:15 +0800, BMP280, 27.231030, 1009.188110
2017-05-15 15:07:45 +0800, BMP280, 27.227015, 1009.154175
2017-05-15 15:08:15 +0800, BMP280, 27.233036, 1009.175110
2017-05-15 15:08:45 +0800, BMP280, 27.238054, 1009.156128
2017-05-15 15:09:15 +0800, BMP280, 27.251104, 1009.155945
2017-05-15 15:09:45 +0800, BMP280, 27.261141, 1009.139954
2017-05-15 15:10:15 +0800, BMP280, 27.269171, 1009.120667
2017-05-15 15:10:45 +0800, BMP280, 27.267162, 1009.133606
2017-05-15 15:11:15 +0800, BMP280, 27.266159, 1009.137390
2017-05-15 15:11:45 +0800, BMP280, 27.258129, 1009.129578
2017-05-15 15:12:15 +0800, BMP280, 27.255117, 1009.102783
2017-05-15 15:12:45 +0800, BMP280, 27.253111, 1009.104919
2017-05-15 15:13:15 +0800, BMP280, 27.259132, 1009.060425
2017-05-15 15:13:45 +0800, BMP280, 27.266159, 1009.099243
2017-05-15 15:14:15 +0800, BMP280, 27.273186, 1009.078247
2017-05-15 15:14:45 +0800, BMP280, 27.277201, 1009.074097
2017-05-15 15:15:15 +0800, BMP280, 27.276197, 1009.066956
2017-05-15 15:15:45 +0800, BMP280, 27.265156, 1009.048706
2017-05-15 15:16:15 +0800, BMP280, 27.250099, 1009.045532
2017-05-15 15:16:45 +0800, BMP280, 27.256123, 1009.055420
2017-05-15 15:17:15 +0800, BMP280, 27.251104, 1009.025269
2017-05-15 15:17:45 +0800, BMP280, 27.244078, 1009.040955
2017-05-15 15:18:15 +0800, BMP280, 27.237051, 1008.974854
2017-05-15 15:18:46 +0800, BMP280, 27.245081, 1009.009827
2017-05-15 15:19:16 +0800, BMP280, 27.251104, 1008.959961
2017-05-15 15:19:46 +0800, BMP280, 27.266159, 1008.952332
2017-05-15 15:20:16 +0800, BMP280, 27.274189, 1008.932922
2017-05-15 15:20:46 +0800, BMP280, 27.274189, 1008.976501
2017-05-15 15:21:16 +0800, BMP280, 27.269171, 1008.924622
2017-05-15 15:21:46 +0800, BMP280, 27.275192, 1008.972717
2017-05-15 15:22:16 +0800, BMP280, 27.276197, 1009.012512
2017-05-15 15:22:46 +0800, BMP280, 27.285231, 1008.994751
2017-05-15 15:23:16 +0800, BMP280, 27.276197, 1009.023376
2017-05-15 15:23:46 +0800, BMP280, 27.281216, 1009.031677
2017-05-15 15:24:16 +0800, BMP280, 27.283222, 1009.067627
2017-05-15 15:24:46 +0800, BMP280, 27.275192, 1009.070740
2017-05-15 15:25:16 +0800, BMP280, 27.279207, 1009.082825
2017-05-15 15:25:46 +0800, BMP280, 27.284227, 1009.102112
2017-05-15 15:26:16 +0800, BMP280, 27.283222, 1009.116638
2017-05-15 15:26:46 +0800, BMP280, 27.282219, 1009.125977
2017-05-15 15:27:16 +0800, BMP280, 27.283222, 1009.122070
2017-05-15 15:27:46 +0800, BMP280, 27.276197, 1009.126892
2017-05-15 15:28:16 +0800, BMP280, 27.277201, 1009.095825
2017-05-15 15:28:46 +0800, BMP280, 27.278204, 1009.102966
2017-05-15 15:29:16 +0800, BMP280, 27.276197, 1009.061523
2017-05-15 15:29:46 +0800, BMP280, 27.265156, 1009.097717
2017-05-15 15:30:16 +0800, BMP280, 27.262144, 1009.070923
2017-05-15 15:30:46 +0800, BMP280, 27.252108, 1009.086792
2017-05-15 15:31:16 +0800, BMP280, 27.253111, 1009.028625
2017-05-15 15:31:46 +0800, BMP280, 27.258129, 1009.015320
2017-05-15 15:32:16 +0800, BMP280, 27.257126, 1009.013550
2017-05-15 15:32:46 +0800, BMP280, 27.266159, 1009.006836
2017-05-15 15:33:16 +0800, BMP280, 27.269171, 1008.989990
2017-05-15 15:33:46 +0800, BMP280, 27.274189, 1008.981995
2017-05-15 15:34:16 +0800, BMP280, 27.262144, 1008.940247
2017-05-15 15:34:46 +0800, BMP280, 27.263147, 1008.952820
2017-05-15 15:35:16 +0800, BMP280, 27.262144, 1008.956604
2017-05-15 15:35:46 +0800, BMP280, 27.255117, 1008.983032
2017-05-15 15:36:16 +0800, BMP280, 27.255117, 1008.993896
2017-05-15 15:36:46 +0800, BMP280, 27.246084, 1009.006104
2017-05-15 15:37:16 +0800, BMP280, 27.239059, 1008.999939
2017-05-15 15:37:46 +0800, BMP280, 27.242069, 1009.037537
2017-05-15 15:38:16 +0800, BMP280, 27.243074, 1009.033752
2017-05-15 15:38:46 +0800, BMP280, 27.238054, 1009.052673
2017-05-15 15:39:17 +0800, BMP280, 27.238054, 1009.052734
2017-05-15 15:39:47 +0800, BMP280, 27.241066, 1009.052307
2017-05-15 15:40:17 +0800, BMP280, 27.241066, 1009.052246
2017-05-15 15:40:47 +0800, BMP280, 27.239059, 1009.038025
2017-05-15 15:41:17 +0800, BMP280, 27.235044, 1009.064026
2017-05-15 15:41:47 +0800, BMP280, 27.235044, 1009.064087
2017-05-15 15:42:17 +0800, BMP280, 27.235044, 1009.020447
2017-05-15 15:42:47 +0800, BMP280, 27.239059, 1009.043457
2017-05-15 15:43:17 +0800, BMP280, 27.249096, 1009.076477
2017-05-15 15:43:47 +0800, BMP280, 27.253111, 1009.077637
2017-05-15 15:44:17 +0800, BMP280, 27.251104, 1009.068909
2017-05-15 15:44:47 +0800, BMP280, 27.251104, 1009.058044
2017-05-15 15:45:17 +0800, BMP280, 27.252108, 1009.048767
2017-05-15 15:45:47 +0800, BMP280, 27.250099, 1009.083557
2017-05-15 15:46:17 +0800, BMP280, 27.255117, 1009.091858
2017-05-15 15:46:47 +0800, BMP280, 27.244078, 1009.084534
2017-05-15 15:47:17 +0800, BMP280, 27.249096, 1009.109070
2017-05-15 15:47:47 +0800, BMP280, 27.251104, 1009.139709
2017-05-15 15:48:17 +0800, BMP280, 27.251104, 1009.145203
2017-05-15 15:48:47 +0800, BMP280, 27.259132, 1009.131287
2017-05-15 15:49:17 +0800, BMP280, 27.264153, 1009.155884
2017-05-15 15:49:47 +0800, BMP280, 27.261141, 1009.145447
2017-05-15 15:50:17 +0800, BMP280, 27.269171, 1009.153320
2017-05-15 15:50:47 +0800, BMP280, 27.257126, 1009.138794
2017-05-15 15:51:17 +0800, BMP280, 27.263147, 1009.176086
2017-05-15 15:51:47 +0800, BMP280, 27.262144, 1009.174377
2017-05-15 15:52:17 +0800, BMP280, 27.268167, 1009.195251
2017-05-15 15:52:47 +0800, BMP280, 27.263147, 1009.230469
2017-05-15 15:53:17 +0800, BMP280, 27.265156, 1009.206543
2017-05-15 15:53:47 +0800, BMP280, 27.266159, 1009.213684
2017-05-15 15:54:17 +0800, BMP280, 27.265156, 1009.250122
2017-05-15 15:54:47 +0800, BMP280, 27.271177, 1009.270996
2017-05-15 15:55:17 +0800, BMP280, 27.266159, 1009.251770
2017-05-15 15:55:47 +0800, BMP280, 27.266159, 1009.224487
2017-05-15 15:56:17 +0800, BMP280, 27.264153, 1009.275757
2017-05-15 15:56:47 +0800, BMP280, 27.260138, 1009.285339
2017-05-15 15:57:17 +0800, BMP280, 27.262144, 1009.283264
2017-05-15 15:57:47 +0800, BMP280, 27.261141, 1009.303467
2017-05-15 15:58:17 +0800, BMP280, 27.263147, 1009.301208
2017-05-15 15:58:47 +0800, BMP280, 27.261141, 1009.303345
2017-05-15 15:59:17 +0800, BMP280, 27.264153, 1009.357300
2017-05-15 15:59:48 +0800, BMP280, 27.261141, 1009.341492
2017-05-15 16:00:18 +0800, BMP280, 27.264153, 1009.335571
2017-05-15 16:00:48 +0800, BMP280, 27.265156, 1009.326294
2017-05-15 16:01:18 +0800, BMP280, 27.262144, 1009.332214
2017-05-15 16:01:48 +0800, BMP280, 27.264153, 1009.313843
2017-05-15 16:02:18 +0800, BMP280, 27.264153, 1009.346436
2017-05-15 16:02:48 +0800, BMP280, 27.262144, 1009.359497
2017-05-15 16:03:18 +0800, BMP280, 27.250099, 1009.372131
2017-05-15 16:03:48 +0800, BMP280, 27.249096, 1009.305115
2017-05-15 16:04:18 +0800, BMP280, 27.244078, 1009.340332
2017-05-15 16:04:48 +0800, BMP280, 27.243074, 1009.338806
2017-05-15 16:05:18 +0800, BMP280, 27.238054, 1009.335815
2017-05-15 16:05:48 +0800, BMP280, 27.235044, 1009.341675
2017-05-15 16:06:18 +0800, BMP280, 27.236048, 1009.321594
2017-05-15 16:06:48 +0800, BMP280, 27.241066, 1009.362610
2017-05-15 16:07:18 +0800, BMP280, 27.237051, 1009.361389
2017-05-15 16:07:48 +0800, BMP280, 27.232033, 1009.358582
2017-05-15 16:08:18 +0800, BMP280, 27.231030, 1009.362305
2017-05-15 16:08:48 +0800, BMP280, 27.231030, 1009.351379
2017-05-15 16:09:18 +0800, BMP280, 27.226009, 1009.343079
2017-05-15 16:09:48 +0800, BMP280, 27.223000, 1009.359802
2017-05-15 16:10:18 +0800, BMP280, 27.228018, 1009.362793
2017-05-15 16:10:48 +0800, BMP280, 27.231030, 1009.367737
2017-05-15 16:11:18 +0800, BMP280, 27.239059, 1009.359375
2017-05-15 16:11:48 +0800, BMP280, 27.243074, 1009.371399
2017-05-15 16:12:18 +0800, BMP280, 27.228018, 1009.368225
2017-05-15 16:12:48 +0800, BMP280, 27.224003, 1009.377808
2017-05-15 16:13:18 +0800, BMP280, 27.215973, 1009.353516
2017-05-15 16:13:48 +0800, BMP280, 27.216976, 1009.349792
2017-05-15 16:14:18 +0800, BMP280, 27.201920, 1009.346497
2017-05-15 16:14:48 +0800, BMP280, 27.206940, 1009.354919
2017-05-15 16:15:18 +0800, BMP280, 27.207943, 1009.323853
2017-05-15 16:15:48 +0800, BMP280, 27.202925, 1009.326416
2017-05-15 16:16:18 +0800, BMP280, 27.190880, 1009.262939
2017-05-15 16:16:48 +0800, BMP280, 27.190880, 1009.268311
2017-05-15 16:17:18 +0800, BMP280, 27.183853, 1009.267578
2017-05-15 16:17:48 +0800, BMP280, 27.169802, 1009.238708
2017-05-15 16:18:18 +0800, BMP280, 27.161772, 1009.252686
2017-05-15 16:18:48 +0800, BMP280, 27.145712, 1009.236816
2017-05-15 16:19:18 +0800, BMP280, 27.140694, 1009.244873
2017-05-15 16:19:48 +0800, BMP280, 27.144707, 1009.240662
2017-05-15 16:20:18 +0800, BMP280, 27.132664, 1009.237061
2017-05-15 16:20:49 +0800, BMP280, 27.115599, 1009.230408
2017-05-15 16:21:19 +0800, BMP280, 27.092514, 1009.235718
2017-05-15 16:21:49 +0800, BMP280, 27.007196, 1009.246338
2017-05-15 16:22:19 +0800, BMP280, 26.931917, 1009.273621
2017-05-15 16:22:49 +0800, BMP280, 26.889759, 1009.301575
2017-05-15 16:23:19 +0800, BMP280, 26.838570, 1009.292725
2017-05-15 16:23:49 +0800, BMP280, 26.802435, 1009.319702
2017-05-15 16:24:19 +0800, BMP280, 26.775335, 1009.345398
2017-05-15 16:24:49 +0800, BMP280, 26.750242, 1009.330933
2017-05-15 16:25:19 +0800, BMP280, 26.740204, 1009.352417
2017-05-15 16:25:49 +0800, BMP280, 26.720129, 1009.346313
2017-05-15 16:26:19 +0800, BMP280, 26.709089, 1009.300659
2017-05-15 16:26:49 +0800, BMP280, 26.694033, 1009.346375
2017-05-15 16:27:19 +0800, BMP280, 26.684999, 1009.325867
2017-05-15 16:27:49 +0800, BMP280, 26.675966, 1009.332642
2017-05-15 16:28:19 +0800, BMP280, 26.672955, 1009.349426
2017-05-15 16:28:49 +0800, BMP280, 26.662918, 1009.359924
2017-05-15 16:29:19 +0800, BMP280, 26.657898, 1009.356995
2017-05-15 16:29:49 +0800, BMP280, 26.659906, 1009.393005
2017-05-15 16:30:19 +0800, BMP280, 26.660910, 1009.411072
2017-05-15 16:30:49 +0800, BMP280, 26.657898, 1009.411560
2017-05-15 16:31:19 +0800, BMP280, 26.662918, 1009.419861
2017-05-15 16:31:49 +0800, BMP280, 26.657898, 1009.427856
2017-05-15 16:32:19 +0800, BMP280, 26.644850, 1009.411499
2017-05-15 16:32:49 +0800, BMP280, 26.644850, 1009.384277
2017-05-15 16:33:19 +0800, BMP280, 26.645853, 1009.402344
2017-05-15 16:33:49 +0800, BMP280, 26.639832, 1009.370483
2017-05-15 16:34:19 +0800, BMP280, 26.637823, 1009.383484
2017-05-15 16:34:49 +0800, BMP280, 26.638828, 1009.379639
2017-05-15 16:35:19 +0800, BMP280, 26.641838, 1009.341187
2017-05-15 16:35:49 +0800, BMP280, 26.633810, 1009.333313
2017-05-15 16:36:19 +0800, BMP280, 26.637823, 1009.356201
2017-05-15 16:36:49 +0800, BMP280, 26.633810, 1009.316956
2017-05-15 16:37:19 +0800, BMP280, 26.634813, 1009.345825
2017-05-15 16:37:49 +0800, BMP280, 26.636820, 1009.354675
2017-05-15 16:38:19 +0800, BMP280, 26.625780, 1009.309082
2017-05-15 16:38:49 +0800, BMP280, 26.630798, 1009.355469
2017-05-15 16:39:19 +0800, BMP280, 26.628790, 1009.379333
2017-05-15 16:39:49 +0800, BMP280, 26.630798, 1009.382690
2017-05-15 16:40:19 +0800, BMP280, 26.617750, 1009.420959
2017-05-15 16:40:49 +0800, BMP280, 26.623772, 1009.403687
2017-05-15 16:41:20 +0800, BMP280, 26.623772, 1009.414490
2017-05-15 16:41:50 +0800, BMP280, 26.636820, 1009.468811
2017-05-15 16:42:20 +0800, BMP280, 26.628790, 1009.466370
2017-05-15 16:42:50 +0800, BMP280, 26.634813, 1009.471008
2017-05-15 16:43:20 +0800, BMP280, 26.629795, 1009.500732
2017-05-15 16:43:50 +0800, BMP280, 26.626783, 1009.495728
2017-05-15 16:44:20 +0800, BMP280, 26.621765, 1009.492798
2017-05-15 16:44:50 +0800, BMP280, 26.628790, 1009.520874
2017-05-15 16:45:20 +0800, BMP280, 26.634813, 1009.530762
2017-05-15 16:45:50 +0800, BMP280, 26.616745, 1009.495361
2017-05-15 16:46:20 +0800, BMP280, 26.612730, 1009.505005
2017-05-15 16:46:50 +0800, BMP280, 26.617750, 1009.513367
2017-05-15 16:47:20 +0800, BMP280, 26.622768, 1009.516235
2017-05-15 16:47:50 +0800, BMP280, 26.618753, 1009.525940
2017-05-15 16:48:20 +0800, BMP280, 26.615742, 1009.493713
2017-05-15 16:48:50 +0800, BMP280, 26.622768, 1009.543518
2017-05-15 16:49:20 +0800, BMP280, 26.618753, 1009.509644
2017-05-15 16:49:50 +0800, BMP280, 26.617750, 1009.540649
2017-05-15 16:50:20 +0800, BMP280, 26.618753, 1009.515076
2017-05-15 16:50:50 +0800, BMP280, 26.616745, 1009.544312
2017-05-15 16:51:20 +0800, BMP280, 26.622768, 1009.576111
2017-05-15 16:51:50 +0800, BMP280, 26.620760, 1009.561951
2017-05-15 16:52:20 +0800, BMP280, 26.620760, 1009.572815
2017-05-15 16:52:50 +0800, BMP280, 26.619757, 1009.571106
2017-05-15 16:53:20 +0800, BMP280, 26.629795, 1009.544189
2017-05-15 16:53:50 +0800, BMP280, 26.631802, 1009.563843
2017-05-15 16:54:20 +0800, BMP280, 26.628790, 1009.564392
2017-05-15 16:54:50 +0800, BMP280, 26.618753, 1009.591125
2017-05-15 16:55:20 +0800, BMP280, 26.626783, 1009.577332
2017-05-15 16:55:50 +0800, BMP280, 26.622768, 1009.532532
2017-05-15 16:56:20 +0800, BMP280, 26.619757, 1009.571045
2017-05-15 16:56:50 +0800, BMP280, 26.617750, 1009.573181
2017-05-15 16:57:20 +0800, BMP280, 26.613735, 1009.550232
2017-05-15 16:57:50 +0800, BMP280, 26.611727, 1009.584961
2017-05-15 16:58:20 +0800, BMP280, 26.598679, 1009.574097
2017-05-15 16:58:50 +0800, BMP280, 26.596672, 1009.565308
2017-05-15 16:59:20 +0800, BMP280, 26.597675, 1009.621399
2017-05-15 16:59:50 +0800, BMP280, 26.605705, 1009.607605
2017-05-15 17:00:20 +0800, BMP280, 26.614738, 1009.606262
2017-05-15 17:00:50 +0800, BMP280, 26.614738, 1009.600769
2017-05-15 17:01:20 +0800, BMP280, 26.608715, 1009.569031
2017-05-15 17:01:51 +0800, BMP280, 26.603697, 1009.604187
2017-05-15 17:02:21 +0800, BMP280, 26.608715, 1009.585388
2017-05-15 17:02:51 +0800, BMP280, 26.609720, 1009.587036
2017-05-15 17:03:21 +0800, BMP280, 26.619757, 1009.581970
2017-05-15 17:03:51 +0800, BMP280, 26.617750, 1009.546021
2017-05-15 17:04:21 +0800, BMP280, 26.617750, 1009.556885
2017-05-15 17:04:51 +0800, BMP280, 26.622768, 1009.570618
2017-05-15 17:05:21 +0800, BMP280, 26.629795, 1009.549683
2017-05-15 17:05:51 +0800, BMP280, 26.632805, 1009.581909
2017-05-15 17:06:21 +0800, BMP280, 26.641838, 1009.553406
2017-05-15 17:06:51 +0800, BMP280, 26.644850, 1009.585571
2017-05-15 17:07:21 +0800, BMP280, 26.654888, 1009.558777
2017-05-15 17:07:51 +0800, BMP280, 26.666933, 1009.562439
2017-05-15 17:08:21 +0800, BMP280, 26.682991, 1009.567444
2017-05-15 17:08:51 +0800, BMP280, 26.674961, 1009.548645
2017-05-15 17:09:21 +0800, BMP280, 26.700056, 1009.563049
2017-05-15 17:09:51 +0800, BMP280, 26.720129, 1009.580200
2017-05-15 17:10:21 +0800, BMP280, 26.739201, 1009.568298
2017-05-15 17:10:51 +0800, BMP280, 26.752249, 1009.590088
2017-05-15 17:11:21 +0800, BMP280, 26.746227, 1009.580017
2017-05-15 17:11:51 +0800, BMP280, 26.745222, 1009.567444
2017-05-15 17:12:21 +0800, BMP280, 26.744219, 1009.620178
2017-05-15 17:12:51 +0800, BMP280, 26.764294, 1009.615479
2017-05-15 17:13:21 +0800, BMP280, 26.788383, 1009.628235
2017-05-15 17:13:51 +0800, BMP280, 26.791395, 1009.627869
2017-05-15 17:14:21 +0800, BMP280, 26.799425, 1009.668457
2017-05-15 17:14:51 +0800, BMP280, 26.812473, 1009.662842
2017-05-15 17:15:21 +0800, BMP280, 26.822510, 1009.663208
2017-05-15 17:15:51 +0800, BMP280, 26.829536, 1009.680420
2017-05-15 17:16:21 +0800, BMP280, 26.829536, 1009.713074
2017-05-15 17:16:51 +0800, BMP280, 26.820503, 1009.719604
2017-05-15 17:17:21 +0800, BMP280, 26.819498, 1009.728943
2017-05-15 17:17:51 +0800, BMP280, 26.827528, 1009.720581
2017-05-15 17:18:21 +0800, BMP280, 26.841581, 1009.765686
2017-05-15 17:18:51 +0800, BMP280, 26.847603, 1009.737610
2017-05-15 17:19:21 +0800, BMP280, 26.848606, 1009.723022
2017-05-15 17:19:51 +0800, BMP280, 26.843588, 1009.725525
2017-05-15 17:20:21 +0800, BMP280, 26.840578, 1009.709656
2017-05-15 17:20:51 +0800, BMP280, 26.848606, 1009.701172
2017-05-15 17:21:21 +0800, BMP280, 26.856636, 1009.687317
2017-05-15 17:21:51 +0800, BMP280, 26.858644, 1009.674316
2017-05-15 17:22:22 +0800, BMP280, 26.856636, 1009.649231
2017-05-15 17:22:52 +0800, BMP280, 26.861656, 1009.614075
2017-05-15 17:23:22 +0800, BMP280, 26.859648, 1009.594360
2017-05-15 17:23:52 +0800, BMP280, 26.858644, 1009.603638
2017-05-15 17:24:22 +0800, BMP280, 26.852621, 1009.599060
2017-05-15 17:24:52 +0800, BMP280, 26.845596, 1009.587463
2017-05-15 17:25:22 +0800, BMP280, 26.845596, 1009.603699
2017-05-15 17:25:52 +0800, BMP280, 26.842585, 1009.593201
2017-05-15 17:26:22 +0800, BMP280, 26.831543, 1009.580322
2017-05-15 17:26:52 +0800, BMP280, 26.835558, 1009.635986
2017-05-15 17:27:22 +0800, BMP280, 26.845596, 1009.625488
2017-05-15 17:27:52 +0800, BMP280, 26.843588, 1009.627441
2017-05-15 17:28:22 +0800, BMP280, 26.843588, 1009.649353
2017-05-15 17:28:52 +0800, BMP280, 26.852621, 1009.669800
2017-05-15 17:29:22 +0800, BMP280, 26.848606, 1009.646851
2017-05-15 17:29:52 +0800, BMP280, 26.837566, 1009.650208
2017-05-15 17:30:22 +0800, BMP280, 26.827528, 1009.693359
2017-05-15 17:30:52 +0800, BMP280, 26.837566, 1009.688354
2017-05-15 17:31:22 +0800, BMP280, 26.842585, 1009.707520
2017-05-15 17:31:52 +0800, BMP280, 26.846600, 1009.714233
2017-05-15 17:32:22 +0800, BMP280, 26.848606, 1009.695801
2017-05-15 17:32:52 +0800, BMP280, 26.852621, 1009.702454
2017-05-15 17:33:22 +0800, BMP280, 26.847603, 1009.694153
2017-05-15 17:33:52 +0800, BMP280, 26.851618, 1009.711731
2017-05-15 17:34:22 +0800, BMP280, 26.842585, 1009.745544
2017-05-15 17:34:52 +0800, BMP280, 26.842585, 1009.712952
2017-05-15 17:35:22 +0800, BMP280, 26.848606, 1009.723022
2017-05-15 17:35:52 +0800, BMP280, 26.839573, 1009.718811
2017-05-15 17:36:22 +0800, BMP280, 26.841581, 1009.754822
2017-05-15 17:36:52 +0800, BMP280, 26.842585, 1009.745544
2017-05-15 17:37:22 +0800, BMP280, 26.832548, 1009.766968
2017-05-15 17:37:52 +0800, BMP280, 26.824518, 1009.753601
2017-05-15 17:38:22 +0800, BMP280, 26.830540, 1009.774597
2017-05-15 17:38:52 +0800, BMP280, 26.832548, 1009.783386
2017-05-15 17:39:22 +0800, BMP280, 26.830540, 1009.763733
2017-05-15 17:39:52 +0800, BMP280, 26.836563, 1009.784668
2017-05-15 17:40:22 +0800, BMP280, 26.842585, 1009.800049
2017-05-15 17:40:52 +0800, BMP280, 26.840578, 1009.780396
2017-05-15 17:41:22 +0800, BMP280, 26.846600, 1009.795837
2017-05-15 17:41:52 +0800, BMP280, 26.852621, 1009.800354
2017-05-15 17:42:22 +0800, BMP280, 26.849611, 1009.784424
2017-05-15 17:42:53 +0800, BMP280, 26.856636, 1009.801575
2017-05-15 17:43:23 +0800, BMP280, 26.852621, 1009.827576
2017-05-15 17:43:53 +0800, BMP280, 26.851618, 1009.798767
2017-05-15 17:44:23 +0800, BMP280, 26.853626, 1009.823792
2017-05-15 17:44:53 +0800, BMP280, 26.847603, 1009.792053
2017-05-15 17:45:23 +0800, BMP280, 26.845596, 1009.799561
2017-05-15 17:45:53 +0800, BMP280, 26.841581, 1009.798340
2017-05-15 17:46:23 +0800, BMP280, 26.851618, 1009.809570
2017-05-15 17:46:53 +0800, BMP280, 26.837566, 1009.775391
2017-05-15 17:47:23 +0800, BMP280, 26.831543, 1009.781677
2017-05-15 17:47:53 +0800, BMP280, 26.818495, 1009.787170
2017-05-15 17:48:23 +0800, BMP280, 26.819498, 1009.783386
2017-05-15 17:48:53 +0800, BMP280, 26.806450, 1009.756226
2017-05-15 17:49:23 +0800, BMP280, 26.790390, 1009.745911
2017-05-15 17:49:53 +0800, BMP280, 26.781357, 1009.769043
2017-05-15 17:50:23 +0800, BMP280, 26.771320, 1009.774109
2017-05-15 17:50:53 +0800, BMP280, 26.778345, 1009.753113
2017-05-15 17:51:23 +0800, BMP280, 26.781357, 1009.747253
2017-05-15 17:51:53 +0800, BMP280, 26.766302, 1009.744019
2017-05-15 17:52:23 +0800, BMP280, 26.760279, 1009.755737
2017-05-15 17:52:53 +0800, BMP280, 26.750242, 1009.738953
2017-05-15 17:53:23 +0800, BMP280, 26.715111, 1009.756775
2017-05-15 17:53:53 +0800, BMP280, 26.690018, 1009.731384
2017-05-15 17:54:23 +0800, BMP280, 26.646858, 1009.768372
2017-05-15 17:54:53 +0800, BMP280, 26.597675, 1009.762756
2017-05-15 17:55:23 +0800, BMP280, 26.569571, 1009.792236
2017-05-15 17:55:53 +0800, BMP280, 26.531429, 1009.783203
2017-05-15 17:56:23 +0800, BMP280, 26.513363, 1009.785767
2017-05-15 17:56:53 +0800, BMP280, 26.505333, 1009.788757
2017-05-15 17:57:23 +0800, BMP280, 26.489273, 1009.838318
2017-05-15 17:57:53 +0800, BMP280, 26.478231, 1009.819885
2017-05-15 17:58:23 +0800, BMP280, 26.477228, 1009.856201
2017-05-15 17:58:53 +0800, BMP280, 26.472210, 1009.837097
2017-05-15 17:59:23 +0800, BMP280, 26.458157, 1009.857239
2017-05-15 17:59:53 +0800, BMP280, 26.443102, 1009.843018
2017-05-15 18:00:23 +0800, BMP280, 26.440090, 1009.854370
2017-05-15 18:00:53 +0800, BMP280, 26.452135, 1009.868896
2017-05-15 18:01:23 +0800, BMP280, 26.448120, 1009.851318
2017-05-15 18:01:53 +0800, BMP280, 26.436075, 1009.847656
2017-05-15 18:02:23 +0800, BMP280, 26.425034, 1009.802185
2017-05-15 18:02:53 +0800, BMP280, 26.445108, 1009.824585
2017-05-15 18:03:24 +0800, BMP280, 26.453138, 1009.838013
2017-05-15 18:03:54 +0800, BMP280, 26.462172, 1009.858459
2017-05-15 18:04:24 +0800, BMP280, 26.479235, 1009.832336
2017-05-15 18:04:54 +0800, BMP280, 26.486261, 1009.833313
2017-05-15 18:05:24 +0800, BMP280, 26.490276, 1009.829041
2017-05-15 18:05:54 +0800, BMP280, 26.484255, 1009.840820
2017-05-15 18:06:24 +0800, BMP280, 26.482246, 1009.826538
2017-05-15 18:06:54 +0800, BMP280, 26.483250, 1009.811890
2017-05-15 18:07:24 +0800, BMP280, 26.488270, 1009.836609
2017-05-15 18:07:54 +0800, BMP280, 26.500313, 1009.862000
2017-05-15 18:08:24 +0800, BMP280, 26.498306, 1009.836914
2017-05-15 18:08:54 +0800, BMP280, 26.496298, 1009.849915
2017-05-15 18:09:24 +0800, BMP280, 26.506336, 1009.899231
2017-05-15 18:09:54 +0800, BMP280, 26.508343, 1009.897095
2017-05-15 18:10:24 +0800, BMP280, 26.511354, 1009.907471
2017-05-15 18:10:54 +0800, BMP280, 26.522396, 1009.942200
2017-05-15 18:11:24 +0800, BMP280, 26.522396, 1009.925903
2017-05-15 18:11:54 +0800, BMP280, 26.532433, 1009.969849
2017-05-15 18:12:24 +0800, BMP280, 26.544477, 1009.919128
2017-05-15 18:12:54 +0800, BMP280, 26.559534, 1009.949585
2017-05-15 18:13:24 +0800, BMP280, 26.583622, 1009.929749
2017-05-15 18:13:54 +0800, BMP280, 26.599682, 1009.956543
2017-05-15 18:14:24 +0800, BMP280, 26.605705, 1009.955688
2017-05-15 18:14:54 +0800, BMP280, 26.617750, 1009.910461
2017-05-15 18:15:24 +0800, BMP280, 26.625780, 1009.923828
2017-05-15 18:15:54 +0800, BMP280, 26.617750, 1009.899536
2017-05-15 18:16:24 +0800, BMP280, 26.606709, 1009.913879
2017-05-15 18:16:54 +0800, BMP280, 26.598679, 1009.878723
2017-05-15 18:17:24 +0800, BMP280, 26.585630, 1009.884094
2017-05-15 18:17:54 +0800, BMP280, 26.577600, 1009.859985
2017-05-15 18:18:24 +0800, BMP280, 26.577600, 1009.903442
2017-05-15 18:18:54 +0800, BMP280, 26.562544, 1009.873108
2017-05-15 18:19:24 +0800, BMP280, 26.557526, 1009.886414
2017-05-15 18:19:54 +0800, BMP280, 26.528418, 1009.903381
2017-05-15 18:20:24 +0800, BMP280, 26.515369, 1009.903381
2017-05-15 18:20:54 +0800, BMP280, 26.499310, 1009.876709
2017-05-15 18:21:24 +0800, BMP280, 26.490276, 1009.883362
2017-05-15 18:21:54 +0800, BMP280, 26.499310, 1009.920166
2017-05-15 18:22:24 +0800, BMP280, 26.508343, 1009.913452
2017-05-15 18:22:54 +0800, BMP280, 26.508343, 1009.935181
2017-05-15 18:23:24 +0800, BMP280, 26.510351, 1009.927612
2017-05-15 18:23:55 +0800, BMP280, 26.508343, 1009.935120
2017-05-15 18:24:25 +0800, BMP280, 26.518381, 1009.930054
2017-05-15 18:24:55 +0800, BMP280, 26.521391, 1009.951538
2017-05-15 18:25:25 +0800, BMP280, 26.524403, 1009.934631
2017-05-15 18:25:55 +0800, BMP280, 26.527414, 1009.950562
2017-05-15 18:26:25 +0800, BMP280, 26.531429, 1009.951843
2017-05-15 18:26:55 +0800, BMP280, 26.534441, 1009.929626
2017-05-15 18:27:25 +0800, BMP280, 26.547489, 1009.951416
2017-05-15 18:27:55 +0800, BMP280, 26.558529, 1009.953369
2017-05-15 18:28:25 +0800, BMP280, 26.559534, 1009.944153
2017-05-15 18:28:55 +0800, BMP280, 26.555519, 1009.942932
2017-05-15 18:29:25 +0800, BMP280, 26.553511, 1009.950439
2017-05-15 18:29:55 +0800, BMP280, 26.539459, 1009.970642
2017-05-15 18:30:25 +0800, BMP280, 26.518381, 1009.973633
2017-05-15 18:30:55 +0800, BMP280, 26.515369, 1009.974060
2017-05-15 18:31:25 +0800, BMP280, 26.522396, 1009.947693
2017-05-15 18:31:55 +0800, BMP280, 26.543474, 1009.988220
2017-05-15 18:32:25 +0800, BMP280, 26.551504, 1009.958008
2017-05-15 18:32:55 +0800, BMP280, 26.552507, 1009.976013
2017-05-15 18:33:25 +0800, BMP280, 26.541466, 1009.957642
2017-05-15 18:33:55 +0800, BMP280, 26.524403, 1009.961853
2017-05-15 18:34:25 +0800, BMP280, 26.521391, 1009.989502
2017-05-15 18:34:55 +0800, BMP280, 26.521391, 1009.978699
2017-05-15 18:35:25 +0800, BMP280, 26.515369, 1009.979431
2017-05-15 18:35:55 +0800, BMP280, 26.510351, 1009.954834
2017-05-15 18:36:25 +0800, BMP280, 26.508343, 1009.967773
2017-05-15 18:36:55 +0800, BMP280, 26.517378, 1009.966553
2017-05-15 18:37:25 +0800, BMP280, 26.527414, 1009.977783
2017-05-15 18:37:55 +0800, BMP280, 26.525406, 1009.941772
2017-05-15 18:38:25 +0800, BMP280, 26.527414, 1009.950562
2017-05-15 18:38:55 +0800, BMP280, 26.524403, 1009.961914
2017-05-15 18:39:25 +0800, BMP280, 26.539459, 1009.997864
2017-05-15 18:39:55 +0800, BMP280, 26.544477, 1009.946411
2017-05-15 18:40:25 +0800, BMP280, 26.542471, 1009.975708
2017-05-15 18:40:55 +0800, BMP280, 26.538456, 1009.985352
2017-05-15 18:41:25 +0800, BMP280, 26.541466, 1009.946838
2017-05-15 18:41:55 +0800, BMP280, 26.544477, 1009.989929
2017-05-15 18:42:25 +0800, BMP280, 26.514366, 1009.988770
2017-05-15 18:42:55 +0800, BMP280, 26.495295, 1009.978821
2017-05-15 18:43:25 +0800, BMP280, 26.477228, 1009.970459
2017-05-15 18:43:55 +0800, BMP280, 26.463175, 1009.963501
2017-05-15 18:44:25 +0800, BMP280, 26.455147, 1009.933716
2017-05-15 18:44:56 +0800, BMP280, 26.440090, 1009.941345
2017-05-15 18:45:26 +0800, BMP280, 26.435072, 1009.894897
2017-05-15 18:45:56 +0800, BMP280, 26.419012, 1009.938904
2017-05-15 18:46:26 +0800, BMP280, 26.406967, 1009.924255
2017-05-15 18:46:56 +0800, BMP280, 26.434067, 1009.947754
2017-05-15 18:47:26 +0800, BMP280, 26.452135, 1009.934143
2017-05-15 18:47:56 +0800, BMP280, 26.470201, 1009.882690
2017-05-15 18:48:26 +0800, BMP280, 26.480240, 1009.910156
2017-05-15 18:48:56 +0800, BMP280, 26.480240, 1009.866699
2017-05-15 18:49:26 +0800, BMP280, 26.481243, 1009.890137
2017-05-15 18:49:56 +0800, BMP280, 26.480240, 1009.872131
2017-05-15 18:50:26 +0800, BMP280, 26.474216, 1009.883850
2017-05-15 18:50:56 +0800, BMP280, 26.466187, 1009.881409
2017-05-15 18:51:26 +0800, BMP280, 26.450127, 1009.903687
2017-05-15 18:51:56 +0800, BMP280, 26.431057, 1009.861023
2017-05-15 18:52:26 +0800, BMP280, 26.394922, 1009.860779
2017-05-15 18:52:56 +0800, BMP280, 26.337709, 1009.863464
2017-05-15 18:53:26 +0800, BMP280, 26.317636, 1009.868164
2017-05-15 18:53:56 +0800, BMP280, 26.293547, 1009.882446
2017-05-15 18:54:26 +0800, BMP280, 26.282505, 1009.907593
2017-05-15 18:54:56 +0800, BMP280, 26.259420, 1009.869263
2017-05-15 18:55:26 +0800, BMP280, 26.255405, 1009.900696
2017-05-15 18:55:56 +0800, BMP280, 26.242357, 1009.911621
2017-05-15 18:56:26 +0800, BMP280, 26.232319, 1009.873108
2017-05-15 18:56:56 +0800, BMP280, 26.234327, 1009.881836
2017-05-15 18:57:26 +0800, BMP280, 26.243361, 1009.875244
2017-05-15 18:57:56 +0800, BMP280, 26.243361, 1009.858948
2017-05-15 18:58:26 +0800, BMP280, 26.247375, 1009.881836
2017-05-15 18:58:56 +0800, BMP280, 26.228304, 1009.877197
2017-05-15 18:59:26 +0800, BMP280, 26.216259, 1009.889832
2017-05-15 18:59:56 +0800, BMP280, 26.181129, 1009.874878
2017-05-15 19:00:26 +0800, BMP280, 26.160051, 1009.888733
2017-05-15 19:00:56 +0800, BMP280, 26.146000, 1009.859924
2017-05-15 19:01:26 +0800, BMP280, 26.148006, 1009.879639
2017-05-15 19:01:56 +0800, BMP280, 26.144995, 1009.890930
2017-05-15 19:02:26 +0800, BMP280, 26.130943, 1009.856689
2017-05-15 19:02:56 +0800, BMP280, 26.121910, 1009.836243
2017-05-15 19:03:26 +0800, BMP280, 26.126928, 1009.860962
2017-05-15 19:03:56 +0800, BMP280, 26.135962, 1009.859619
2017-05-15 19:04:26 +0800, BMP280, 26.129940, 1009.860474
2017-05-15 19:04:56 +0800, BMP280, 26.138973, 1009.859192
2017-05-15 19:05:27 +0800, BMP280, 26.129940, 1009.854980
2017-05-15 19:05:57 +0800, BMP280, 26.153025, 1009.893433
2017-05-15 19:06:27 +0800, BMP280, 26.166073, 1009.860718
2017-05-15 19:06:57 +0800, BMP280, 26.193174, 1009.862366
2017-05-15 19:07:27 +0800, BMP280, 26.212244, 1009.877747
2017-05-15 19:07:57 +0800, BMP280, 26.206223, 1009.867737
2017-05-15 19:08:27 +0800, BMP280, 26.194178, 1009.858582
2017-05-15 19:08:57 +0800, BMP280, 26.202208, 1009.866455
2017-05-15 19:09:27 +0800, BMP280, 26.201204, 1009.870239
2017-05-15 19:09:57 +0800, BMP280, 26.198193, 1009.881531
2017-05-15 19:10:27 +0800, BMP280, 26.185144, 1009.924988
2017-05-15 19:10:57 +0800, BMP280, 26.172096, 1009.870728
2017-05-15 19:11:27 +0800, BMP280, 26.174103, 1009.906677
2017-05-15 19:11:57 +0800, BMP280, 26.164066, 1009.900879
2017-05-15 19:12:27 +0800, BMP280, 26.174103, 1009.857788
2017-05-15 19:12:57 +0800, BMP280, 26.170088, 1009.900024
2017-05-15 19:13:27 +0800, BMP280, 26.166073, 1009.877014
2017-05-15 19:13:57 +0800, BMP280, 26.171093, 1009.869019
2017-05-15 19:14:27 +0800, BMP280, 26.171093, 1009.917969
2017-05-15 19:14:57 +0800, BMP280, 26.163063, 1009.893799
2017-05-15 19:15:27 +0800, BMP280, 26.148006, 1009.868774
2017-05-15 19:15:57 +0800, BMP280, 26.149010, 1009.908386
2017-05-15 19:16:27 +0800, BMP280, 26.139977, 1009.893494
2017-05-15 19:16:57 +0800, BMP280, 26.130943, 1009.883850
2017-05-15 19:17:27 +0800, BMP280, 26.134958, 1009.917725
2017-05-15 19:17:57 +0800, BMP280, 26.132952, 1009.908936
2017-05-15 19:18:27 +0800, BMP280, 26.110868, 1009.942871
2017-05-15 19:18:57 +0800, BMP280, 26.107859, 1009.927002
2017-05-15 19:19:27 +0800, BMP280, 26.111874, 1009.960815
2017-05-15 19:19:57 +0800, BMP280, 26.108862, 1009.939514
2017-05-15 19:20:27 +0800, BMP280, 26.104847, 1009.954590
2017-05-15 19:20:57 +0800, BMP280, 26.113880, 1009.964172
2017-05-15 19:21:27 +0800, BMP280, 26.132952, 1009.968750
2017-05-15 19:21:57 +0800, BMP280, 26.137970, 1009.977112
2017-05-15 19:22:27 +0800, BMP280, 26.136965, 1009.997131
2017-05-15 19:22:57 +0800, BMP280, 26.133955, 1010.030151
2017-05-15 19:23:27 +0800, BMP280, 26.123917, 1009.991821
2017-05-15 19:23:57 +0800, BMP280, 26.119902, 1010.017639
2017-05-15 19:24:27 +0800, BMP280, 26.110868, 1010.046143
2017-05-15 19:24:57 +0800, BMP280, 26.102839, 1010.038147
2017-05-15 19:25:27 +0800, BMP280, 26.092802, 1010.043213
2017-05-15 19:25:58 +0800, BMP280, 26.078751, 1010.052490
2017-05-15 19:26:28 +0800, BMP280, 26.060682, 1010.054993
2017-05-15 19:26:58 +0800, BMP280, 26.056667, 1010.042908
2017-05-15 19:27:28 +0800, BMP280, 26.055664, 1010.111877
2017-05-15 19:27:58 +0800, BMP280, 26.059679, 1010.091309
2017-05-15 19:28:28 +0800, BMP280, 26.062691, 1010.063782
2017-05-15 19:28:58 +0800, BMP280, 26.060682, 1010.109375
2017-05-15 19:29:28 +0800, BMP280, 26.059679, 1010.085938
2017-05-15 19:29:58 +0800, BMP280, 26.068712, 1010.111816
2017-05-15 19:30:28 +0800, BMP280, 26.076742, 1010.087158
2017-05-15 19:30:58 +0800, BMP280, 26.081760, 1010.117249
2017-05-15 19:31:28 +0800, BMP280, 26.095814, 1010.118835
2017-05-15 19:31:58 +0800, BMP280, 26.105850, 1010.119263
2017-05-15 19:32:28 +0800, BMP280, 26.118898, 1010.130127
2017-05-15 19:32:58 +0800, BMP280, 26.121910, 1010.151489
2017-05-15 19:33:28 +0800, BMP280, 26.117895, 1010.150208
2017-05-15 19:33:58 +0800, BMP280, 26.122913, 1010.153198
2017-05-15 19:34:28 +0800, BMP280, 26.111874, 1010.172791
2017-05-15 19:34:58 +0800, BMP280, 26.117895, 1010.182800
2017-05-15 19:35:28 +0800, BMP280, 26.119902, 1010.180725
2017-05-15 19:35:58 +0800, BMP280, 26.115887, 1010.190308
2017-05-15 19:36:28 +0800, BMP280, 26.115887, 1010.201111
2017-05-15 19:36:58 +0800, BMP280, 26.120907, 1010.220459
2017-05-15 19:37:28 +0800, BMP280, 26.122913, 1010.180359
2017-05-15 19:37:58 +0800, BMP280, 26.125925, 1010.217957
2017-05-15 19:38:28 +0800, BMP280, 26.124922, 1010.199951
2017-05-15 19:38:58 +0800, BMP280, 26.161055, 1010.205688
2017-05-15 19:39:28 +0800, BMP280, 26.177114, 1010.210632
2017-05-15 19:39:58 +0800, BMP280, 26.195181, 1010.246216
2017-05-15 19:40:28 +0800, BMP280, 26.178118, 1010.234009
2017-05-15 19:40:58 +0800, BMP280, 26.170088, 1010.242432
2017-05-15 19:41:28 +0800, BMP280, 26.161055, 1010.227478
2017-05-15 19:41:58 +0800, BMP280, 26.156036, 1010.219116
2017-05-15 19:42:28 +0800, BMP280, 26.134958, 1010.194946
2017-05-15 19:42:58 +0800, BMP280, 26.138973, 1010.223389
2017-05-15 19:43:28 +0800, BMP280, 26.146000, 1010.251221
2017-05-15 19:43:58 +0800, BMP280, 26.150015, 1010.225403
2017-05-15 19:44:28 +0800, BMP280, 26.153025, 1010.257629
2017-05-15 19:44:58 +0800, BMP280, 26.146000, 1010.273071
2017-05-15 19:45:28 +0800, BMP280, 26.173100, 1010.274658
2017-05-15 19:45:58 +0800, BMP280, 26.193174, 1010.248291
2017-05-15 19:46:29 +0800, BMP280, 26.204216, 1010.282959
2017-05-15 19:46:59 +0800, BMP280, 26.216259, 1010.275757
2017-05-15 19:47:29 +0800, BMP280, 26.230312, 1010.288269
2017-05-15 19:47:59 +0800, BMP280, 26.227301, 1010.283264
2017-05-15 19:48:29 +0800, BMP280, 26.230312, 1010.277344
2017-05-15 19:48:59 +0800, BMP280, 26.232319, 1010.253601
2017-05-15 19:49:29 +0800, BMP280, 26.234327, 1010.251526
2017-05-15 19:49:59 +0800, BMP280, 26.227301, 1010.272400
2017-05-15 19:50:29 +0800, BMP280, 26.234327, 1010.240601
2017-05-15 19:50:59 +0800, BMP280, 26.240349, 1010.245361
2017-05-15 19:51:29 +0800, BMP280, 26.237337, 1010.251160
2017-05-15 19:51:59 +0800, BMP280, 26.245367, 1010.248169
2017-05-15 19:52:29 +0800, BMP280, 26.259420, 1010.249878
2017-05-15 19:52:59 +0800, BMP280, 26.269457, 1010.228455
2017-05-15 19:53:29 +0800, BMP280, 26.274475, 1010.252991
2017-05-15 19:53:59 +0800, BMP280, 26.284513, 1010.242615
2017-05-15 19:54:29 +0800, BMP280, 26.302580, 1010.234619
2017-05-15 19:54:59 +0800, BMP280, 26.316631, 1010.225342
2017-05-15 19:55:29 +0800, BMP280, 26.318640, 1010.228699
2017-05-15 19:55:59 +0800, BMP280, 26.313622, 1010.242065
2017-05-15 19:56:29 +0800, BMP280, 26.305592, 1010.255981
2017-05-15 19:56:59 +0800, BMP280, 26.306595, 1010.241333
2017-05-15 19:57:29 +0800, BMP280, 26.303583, 1010.247192
2017-05-15 19:57:59 +0800, BMP280, 26.307598, 1010.259399
2017-05-15 19:58:29 +0800, BMP280, 26.312616, 1010.256714
2017-05-15 19:58:59 +0800, BMP280, 26.308601, 1010.271973
2017-05-15 19:59:29 +0800, BMP280, 26.303583, 1010.247192
2017-05-15 19:59:59 +0800, BMP280, 26.307598, 1010.215820
2017-05-15 20:00:29 +0800, BMP280, 26.300573, 1010.225830
2017-05-15 20:00:59 +0800, BMP280, 26.299568, 1010.262268
2017-05-15 20:01:29 +0800, BMP280, 26.288528, 1010.260071
2017-05-15 20:01:59 +0800, BMP280, 26.282505, 1010.288208
2017-05-15 20:02:29 +0800, BMP280, 26.287523, 1010.312866
2017-05-15 20:02:59 +0800, BMP280, 26.287523, 1010.301880
2017-05-15 20:03:29 +0800, BMP280, 26.292543, 1010.359192
2017-05-15 20:03:59 +0800, BMP280, 26.293547, 1010.366272
2017-05-15 20:04:29 +0800, BMP280, 26.287523, 1010.410706
2017-05-15 20:04:59 +0800, BMP280, 26.284513, 1010.416504
2017-05-15 20:05:29 +0800, BMP280, 26.279493, 1010.413574
2017-05-15 20:05:59 +0800, BMP280, 26.277487, 1010.442932
2017-05-15 20:06:29 +0800, BMP280, 26.268454, 1010.449646
2017-05-15 20:07:00 +0800, BMP280, 26.264439, 1010.421204
2017-05-15 20:07:30 +0800, BMP280, 26.265442, 1010.450073
2017-05-15 20:08:00 +0800, BMP280, 26.253397, 1010.435547
2017-05-15 20:08:30 +0800, BMP280, 26.251390, 1010.426697
2017-05-15 20:09:00 +0800, BMP280, 26.264439, 1010.442932
2017-05-15 20:09:30 +0800, BMP280, 26.275480, 1010.434143
2017-05-15 20:10:00 +0800, BMP280, 26.304586, 1010.395630
2017-05-15 20:10:30 +0800, BMP280, 26.312616, 1010.409058
2017-05-15 20:11:00 +0800, BMP280, 26.299568, 1010.403564
2017-05-15 20:11:30 +0800, BMP280, 26.294550, 1010.416992
2017-05-15 20:12:00 +0800, BMP280, 26.321651, 1010.418640
2017-05-15 20:12:30 +0800, BMP280, 26.329679, 1010.448181
2017-05-15 20:13:00 +0800, BMP280, 26.320646, 1010.460449
2017-05-15 20:13:30 +0800, BMP280, 26.306595, 1010.502319
2017-05-15 20:14:00 +0800, BMP280, 26.301577, 1010.477600
2017-05-15 20:14:30 +0800, BMP280, 26.293547, 1010.469666
2017-05-15 20:15:00 +0800, BMP280, 26.281502, 1010.471252
2017-05-15 20:15:30 +0800, BMP280, 26.265442, 1010.477356
2017-05-15 20:16:00 +0800, BMP280, 26.263435, 1010.468445
2017-05-15 20:16:30 +0800, BMP280, 26.268454, 1010.482361
2017-05-15 20:17:00 +0800, BMP280, 26.261427, 1010.470581
2017-05-15 20:17:30 +0800, BMP280, 26.258415, 1010.492737
2017-05-15 20:18:00 +0800, BMP280, 26.262430, 1010.488586
2017-05-15 20:18:30 +0800, BMP280, 26.261427, 1010.525024
2017-05-15 20:19:00 +0800, BMP280, 26.269457, 1010.511169
2017-05-15 20:19:30 +0800, BMP280, 26.270460, 1010.512817
2017-05-15 20:20:00 +0800, BMP280, 26.276484, 1010.549988
2017-05-15 20:20:30 +0800, BMP280, 26.279493, 1010.544128
2017-05-15 20:21:00 +0800, BMP280, 26.278490, 1010.596863
2017-05-15 20:21:30 +0800, BMP280, 26.283508, 1010.594299
2017-05-15 20:22:00 +0800, BMP280, 26.302580, 1010.593384
2017-05-15 20:22:30 +0800, BMP280, 26.305592, 1010.582214
2017-05-15 20:23:00 +0800, BMP280, 26.304586, 1010.547913
2017-05-15 20:23:30 +0800, BMP280, 26.318640, 1010.565796
2017-05-15 20:24:00 +0800, BMP280, 26.323658, 1010.546997
2017-05-15 20:24:30 +0800, BMP280, 26.344736, 1010.543945
2017-05-15 20:25:00 +0800, BMP280, 26.366817, 1010.553589
2017-05-15 20:25:30 +0800, BMP280, 26.373844, 1010.570618
2017-05-15 20:26:00 +0800, BMP280, 26.399940, 1010.559631
2017-05-15 20:26:30 +0800, BMP280, 26.413994, 1010.555847
2017-05-15 20:27:00 +0800, BMP280, 26.412989, 1010.575928
2017-05-15 20:27:31 +0800, BMP280, 26.421019, 1010.583862
2017-05-15 20:28:01 +0800, BMP280, 26.432060, 1010.624084
2017-05-15 20:28:31 +0800, BMP280, 26.441093, 1010.622742
2017-05-15 20:29:01 +0800, BMP280, 26.442097, 1010.651672
2017-05-15 20:29:31 +0800, BMP280, 26.448120, 1010.672485
2017-05-15 20:30:01 +0800, BMP280, 26.462172, 1010.663269
2017-05-15 20:30:31 +0800, BMP280, 26.467190, 1010.666199
2017-05-15 20:31:01 +0800, BMP280, 26.473213, 1010.676147
2017-05-15 20:31:31 +0800, BMP280, 26.466187, 1010.664612
2017-05-15 20:32:01 +0800, BMP280, 26.471205, 1010.683716
2017-05-15 20:32:31 +0800, BMP280, 26.470201, 1010.676636
2017-05-15 20:33:01 +0800, BMP280, 26.475220, 1010.684998
2017-05-15 20:33:31 +0800, BMP280, 26.468195, 1010.711426
2017-05-15 20:34:01 +0800, BMP280, 26.471205, 1010.683716
2017-05-15 20:34:31 +0800, BMP280, 26.467190, 1010.715149
2017-05-15 20:35:01 +0800, BMP280, 26.474216, 1010.699524
2017-05-15 20:35:31 +0800, BMP280, 26.483250, 1010.698364
2017-05-15 20:36:01 +0800, BMP280, 26.502321, 1010.681152
2017-05-15 20:36:31 +0800, BMP280, 26.505333, 1010.686157
2017-05-15 20:37:01 +0800, BMP280, 26.498306, 1010.750610
2017-05-15 20:37:31 +0800, BMP280, 26.494291, 1010.694946
2017-05-15 20:38:01 +0800, BMP280, 26.497303, 1010.700012
2017-05-15 20:38:31 +0800, BMP280, 26.502321, 1010.697449
2017-05-15 20:39:01 +0800, BMP280, 26.519384, 1010.715027
2017-05-15 20:39:31 +0800, BMP280, 26.554514, 1010.757141
2017-05-15 20:40:01 +0800, BMP280, 26.571579, 1010.747375
2017-05-15 20:40:31 +0800, BMP280, 26.557526, 1010.745911
2017-05-15 20:41:01 +0800, BMP280, 26.570574, 1010.767578
2017-05-15 20:41:31 +0800, BMP280, 26.583622, 1010.761963
2017-05-15 20:42:01 +0800, BMP280, 26.591652, 1010.786255
2017-05-15 20:42:31 +0800, BMP280, 26.590649, 1010.746460
2017-05-15 20:43:01 +0800, BMP280, 26.583622, 1010.794617
2017-05-15 20:43:31 +0800, BMP280, 26.573586, 1010.810608
2017-05-15 20:44:01 +0800, BMP280, 26.575594, 1010.792175
2017-05-15 20:44:31 +0800, BMP280, 26.599682, 1010.799622
2017-05-15 20:45:01 +0800, BMP280, 26.621765, 1010.820129
2017-05-15 20:45:31 +0800, BMP280, 26.610723, 1010.823486
2017-05-15 20:46:01 +0800, BMP280, 26.604702, 1010.818909
2017-05-15 20:46:31 +0800, BMP280, 26.587637, 1010.828430
2017-05-15 20:47:01 +0800, BMP280, 26.587637, 1010.806763
2017-05-15 20:47:31 +0800, BMP280, 26.579607, 1010.788025
2017-05-15 20:48:02 +0800, BMP280, 26.585630, 1010.857849
2017-05-15 20:48:32 +0800, BMP280, 26.590649, 1010.833496
2017-05-15 20:49:02 +0800, BMP280, 26.585630, 1010.852478
2017-05-15 20:49:32 +0800, BMP280, 26.588642, 1010.808411
2017-05-15 20:50:02 +0800, BMP280, 26.588642, 1010.813965
2017-05-15 20:50:32 +0800, BMP280, 26.592657, 1010.804199
2017-05-15 20:51:02 +0800, BMP280, 26.589645, 1010.777405
2017-05-15 20:51:32 +0800, BMP280, 26.613735, 1010.822998
2017-05-15 20:52:02 +0800, BMP280, 26.642843, 1010.795349
2017-05-15 20:52:32 +0800, BMP280, 26.643847, 1010.786133
2017-05-15 20:53:02 +0800, BMP280, 26.630798, 1010.737183
2017-05-15 20:53:32 +0800, BMP280, 26.634813, 1010.776489
2017-05-15 20:54:02 +0800, BMP280, 26.622768, 1010.767334
2017-05-15 20:54:32 +0800, BMP280, 26.647861, 1010.765686
2017-05-15 20:55:02 +0800, BMP280, 26.663921, 1010.759705
2017-05-15 20:55:32 +0800, BMP280, 26.676970, 1010.748779
2017-05-15 20:56:02 +0800, BMP280, 26.679981, 1010.770081
2017-05-15 20:56:32 +0800, BMP280, 26.663921, 1010.759705
2017-05-15 20:57:02 +0800, BMP280, 26.653883, 1010.759338
2017-05-15 20:57:32 +0800, BMP280, 26.630798, 1010.769836
2017-05-15 20:58:02 +0800, BMP280, 26.620760, 1010.785828
2017-05-15 20:58:32 +0800, BMP280, 26.615742, 1010.788330
2017-05-15 20:59:02 +0800, BMP280, 26.608715, 1010.787476
2017-05-15 20:59:32 +0800, BMP280, 26.609720, 1010.794556
2017-05-15 21:00:02 +0800, BMP280, 26.625780, 1010.777832
2017-05-15 21:00:32 +0800, BMP280, 26.616745, 1010.773743
2017-05-15 21:01:02 +0800, BMP280, 26.608715, 1010.787537
2017-05-15 21:01:32 +0800, BMP280, 26.619757, 1010.773315
2017-05-15 21:02:02 +0800, BMP280, 26.630798, 1010.758972
2017-05-15 21:02:32 +0800, BMP280, 26.629795, 1010.757202
2017-05-15 21:03:02 +0800, BMP280, 26.620760, 1010.791260
2017-05-15 21:03:32 +0800, BMP280, 26.617750, 1010.775391
2017-05-15 21:04:02 +0800, BMP280, 26.611727, 1010.776245
2017-05-15 21:04:32 +0800, BMP280, 26.607712, 1010.785889
2017-05-15 21:05:02 +0800, BMP280, 26.602694, 1010.755737
2017-05-15 21:05:32 +0800, BMP280, 26.591652, 1010.731812
2017-05-15 21:06:02 +0800, BMP280, 26.591652, 1010.726379
2017-05-15 21:06:32 +0800, BMP280, 26.584627, 1010.698425
2017-05-15 21:07:02 +0800, BMP280, 26.588642, 1010.694214
2017-05-15 21:07:32 +0800, BMP280, 26.595667, 1010.656982
2017-05-15 21:08:02 +0800, BMP280, 26.624775, 1010.689026
2017-05-15 21:08:32 +0800, BMP280, 26.659906, 1010.682312
2017-05-15 21:09:03 +0800, BMP280, 26.666933, 1010.661316
2017-05-15 21:09:33 +0800, BMP280, 26.673958, 1010.705750
2017-05-15 21:10:03 +0800, BMP280, 26.710093, 1010.711426
2017-05-15 21:10:33 +0800, BMP280, 26.733179, 1010.700867
2017-05-15 21:11:03 +0800, BMP280, 26.704069, 1010.706787
2017-05-15 21:11:33 +0800, BMP280, 26.684999, 1010.729492
2017-05-15 21:12:03 +0800, BMP280, 26.670946, 1010.755066
2017-05-15 21:12:33 +0800, BMP280, 26.642843, 1010.762695
2017-05-15 21:13:03 +0800, BMP280, 26.628790, 1010.788269
2017-05-15 21:13:33 +0800, BMP280, 26.608715, 1010.776672
2017-05-15 21:14:03 +0800, BMP280, 26.590649, 1010.795471
2017-05-15 21:14:33 +0800, BMP280, 26.580612, 1010.838623
2017-05-15 21:15:03 +0800, BMP280, 26.573586, 1010.832458
2017-05-15 21:15:33 +0800, BMP280, 26.560537, 1010.837830
2017-05-15 21:16:03 +0800, BMP280, 26.548492, 1010.839600
2017-05-15 21:16:33 +0800, BMP280, 26.549496, 1010.841370
2017-05-15 21:17:03 +0800, BMP280, 26.546486, 1010.809021
2017-05-15 21:17:33 +0800, BMP280, 26.543474, 1010.847595
2017-05-15 21:18:03 +0800, BMP280, 26.537451, 1010.843018
2017-05-15 21:18:33 +0800, BMP280, 26.534441, 1010.843445
2017-05-15 21:19:03 +0800, BMP280, 26.526411, 1010.835449
2017-05-15 21:19:33 +0800, BMP280, 26.527414, 1010.853394
2017-05-15 21:20:03 +0800, BMP280, 26.529421, 1010.851318
2017-05-15 21:20:33 +0800, BMP280, 26.536448, 1010.825012
2017-05-15 21:21:03 +0800, BMP280, 26.527414, 1010.826294
2017-05-15 21:21:33 +0800, BMP280, 26.526411, 1010.829956
2017-05-15 21:22:03 +0800, BMP280, 26.530426, 1010.853027
2017-05-15 21:22:33 +0800, BMP280, 26.524403, 1010.848389
2017-05-15 21:23:03 +0800, BMP280, 26.522396, 1010.839600
2017-05-15 21:23:33 +0800, BMP280, 26.522396, 1010.866882
2017-05-15 21:24:03 +0800, BMP280, 26.520388, 1010.890747
2017-05-15 21:24:33 +0800, BMP280, 26.513363, 1010.862671
2017-05-15 21:25:03 +0800, BMP280, 26.514366, 1010.896973
2017-05-15 21:25:33 +0800, BMP280, 26.513363, 1010.911682
2017-05-15 21:26:03 +0800, BMP280, 26.517378, 1010.907410
2017-05-15 21:26:33 +0800, BMP280, 26.525406, 1010.931702
2017-05-15 21:27:03 +0800, BMP280, 26.525406, 1010.931580
2017-05-15 21:27:33 +0800, BMP280, 26.520388, 1010.945129
2017-05-15 21:28:03 +0800, BMP280, 26.513363, 1010.911621
2017-05-15 21:28:33 +0800, BMP280, 26.523399, 1010.960938
2017-05-15 21:29:03 +0800, BMP280, 26.513363, 1010.960571
2017-05-15 21:29:34 +0800, BMP280, 26.499310, 1010.942688
2017-05-15 21:30:04 +0800, BMP280, 26.496298, 1010.964783
2017-05-15 21:30:34 +0800, BMP280, 26.496298, 1010.948547
2017-05-15 21:31:04 +0800, BMP280, 26.499310, 1010.958984
2017-05-15 21:31:34 +0800, BMP280, 26.495295, 1010.925171
2017-05-15 21:32:04 +0800, BMP280, 26.498306, 1010.946411
2017-05-15 21:32:34 +0800, BMP280, 26.505333, 1010.947205
2017-05-15 21:33:04 +0800, BMP280, 26.505333, 1010.936401
2017-05-15 21:33:34 +0800, BMP280, 26.499310, 1010.948120
2017-05-15 21:34:04 +0800, BMP280, 26.501318, 1010.962341
2017-05-15 21:34:34 +0800, BMP280, 26.497303, 1010.922974
2017-05-15 21:35:04 +0800, BMP280, 26.493288, 1010.949036
2017-05-15 21:35:34 +0800, BMP280, 26.492283, 1010.947266
2017-05-15 21:36:04 +0800, BMP280, 26.488270, 1010.962341
2017-05-15 21:36:34 +0800, BMP280, 26.489273, 1010.953125
2017-05-15 21:37:04 +0800, BMP280, 26.492283, 1010.968994
2017-05-15 21:37:34 +0800, BMP280, 26.495295, 1010.990356
2017-05-15 21:38:04 +0800, BMP280, 26.489273, 1010.980347
2017-05-15 21:38:34 +0800, BMP280, 26.495295, 1010.995850
2017-05-15 21:39:04 +0800, BMP280, 26.491280, 1010.978271
2017-05-15 21:39:34 +0800, BMP280, 26.490276, 1011.003845
2017-05-15 21:40:04 +0800, BMP280, 26.488270, 1010.994995
2017-05-15 21:40:34 +0800, BMP280, 26.478231, 1010.978271
2017-05-15 21:41:04 +0800, BMP280, 26.484255, 1010.971985
2017-05-15 21:41:34 +0800, BMP280, 26.486261, 1010.969910
2017-05-15 21:42:04 +0800, BMP280, 26.485258, 1010.973572
2017-05-15 21:42:34 +0800, BMP280, 26.476225, 1010.974915
2017-05-15 21:43:04 +0800, BMP280, 26.479235, 1010.947327
2017-05-15 21:43:34 +0800, BMP280, 26.483250, 1010.948547
2017-05-15 21:44:04 +0800, BMP280, 26.486261, 1010.953552
2017-05-15 21:44:34 +0800, BMP280, 26.484255, 1010.955688
2017-05-15 21:45:04 +0800, BMP280, 26.479235, 1010.958130
2017-05-15 21:45:34 +0800, BMP280, 26.483250, 1010.948547
2017-05-15 21:46:04 +0800, BMP280, 26.484255, 1010.977417
2017-05-15 21:46:34 +0800, BMP280, 26.483250, 1010.986633
2017-05-15 21:47:04 +0800, BMP280, 26.474216, 1010.955139
2017-05-15 21:47:34 +0800, BMP280, 26.480240, 1010.976135
2017-05-15 21:48:04 +0800, BMP280, 26.473213, 1010.959045
2017-05-15 21:48:34 +0800, BMP280, 26.472210, 1011.006226
2017-05-15 21:49:04 +0800, BMP280, 26.471205, 1011.031799
2017-05-15 21:49:34 +0800, BMP280, 26.474216, 1011.015076
2017-05-15 21:50:05 +0800, BMP280, 26.471205, 1011.020935
2017-05-15 21:50:35 +0800, BMP280, 26.472210, 1011.028076
2017-05-15 21:51:05 +0800, BMP280, 26.474216, 1011.036804
2017-05-15 21:51:35 +0800, BMP280, 26.474216, 1011.091187
2017-05-15 21:52:05 +0800, BMP280, 26.464180, 1011.052795
2017-05-15 21:52:35 +0800, BMP280, 26.465183, 1011.054504
2017-05-15 21:53:05 +0800, BMP280, 26.464180, 1011.036438
2017-05-15 21:53:35 +0800, BMP280, 26.471205, 1011.053528
2017-05-15 21:54:05 +0800, BMP280, 26.464180, 1011.025513
2017-05-15 21:54:35 +0800, BMP280, 26.465183, 1011.021851
2017-05-15 21:55:05 +0800, BMP280, 26.470201, 1010.986572
2017-05-15 21:55:35 +0800, BMP280, 26.468195, 1010.994202
2017-05-15 21:56:05 +0800, BMP280, 26.458157, 1010.972046
2017-05-15 21:56:35 +0800, BMP280, 26.452135, 1010.956543
2017-05-15 21:57:05 +0800, BMP280, 26.454142, 1010.976257
2017-05-15 21:57:35 +0800, BMP280, 26.453138, 1010.974548
2017-05-15 21:58:05 +0800, BMP280, 26.455147, 1010.939880
2017-05-15 21:58:35 +0800, BMP280, 26.452135, 1010.956543
2017-05-15 21:59:05 +0800, BMP280, 26.451132, 1010.922302
2017-05-15 21:59:35 +0800, BMP280, 26.460165, 1010.948181
2017-05-15 22:00:05 +0800, BMP280, 26.456150, 1010.952393
2017-05-15 22:00:35 +0800, BMP280, 26.453138, 1010.941956
2017-05-15 22:01:05 +0800, BMP280, 26.456150, 1010.952393
2017-05-15 22:01:35 +0800, BMP280, 26.455147, 1010.983337
2017-05-15 22:02:05 +0800, BMP280, 26.451132, 1010.965759
2017-05-15 22:02:35 +0800, BMP280, 26.452135, 1010.967529
2017-05-15 22:03:05 +0800, BMP280, 26.461168, 1010.993408
2017-05-15 22:03:35 +0800, BMP280, 26.459162, 1010.984558
2017-05-15 22:04:05 +0800, BMP280, 26.455147, 1010.988770
2017-05-15 22:04:35 +0800, BMP280, 26.442097, 1010.977844
2017-05-15 22:05:05 +0800, BMP280, 26.442097, 1010.950806
2017-05-15 22:05:35 +0800, BMP280, 26.443102, 1010.941467
2017-05-15 22:06:05 +0800, BMP280, 26.444105, 1010.964966
2017-05-15 22:06:35 +0800, BMP280, 26.448120, 1010.971619
2017-05-15 22:07:05 +0800, BMP280, 26.444105, 1010.959473
2017-05-15 22:07:35 +0800, BMP280, 26.449123, 1010.940674
2017-05-15 22:08:05 +0800, BMP280, 26.443102, 1010.936035
2017-05-15 22:08:35 +0800, BMP280, 26.448120, 1010.933594
2017-05-15 22:09:05 +0800, BMP280, 26.449123, 1010.919006
2017-05-15 22:09:35 +0800, BMP280, 26.441093, 1010.905518
2017-05-15 22:10:05 +0800, BMP280, 26.438082, 1010.938721
2017-05-15 22:10:36 +0800, BMP280, 26.444105, 1010.948608
2017-05-15 22:11:06 +0800, BMP280, 26.448120, 1010.960754
2017-05-15 22:11:36 +0800, BMP280, 26.443102, 1010.963196
2017-05-15 22:12:06 +0800, BMP280, 26.436075, 1010.946167
2017-05-15 22:12:36 +0800, BMP280, 26.434067, 1010.931946
2017-05-15 22:13:06 +0800, BMP280, 26.432060, 1010.917725
2017-05-15 22:13:36 +0800, BMP280, 26.440090, 1010.941956
2017-05-15 22:14:06 +0800, BMP280, 26.436075, 1010.935364
2017-05-15 22:14:36 +0800, BMP280, 26.432060, 1010.961182
2017-05-15 22:15:06 +0800, BMP280, 26.428045, 1010.965393
2017-05-15 22:15:36 +0800, BMP280, 26.433064, 1010.957458
2017-05-15 22:16:06 +0800, BMP280, 26.438082, 1010.976746
2017-05-15 22:16:36 +0800, BMP280, 26.430054, 1010.974182
2017-05-15 22:17:06 +0800, BMP280, 26.426039, 1010.967529
2017-05-15 22:17:36 +0800, BMP280, 26.423027, 1010.984314
2017-05-15 22:18:06 +0800, BMP280, 26.421019, 1010.964600
2017-05-15 22:18:36 +0800, BMP280, 26.420015, 1011.001038
2017-05-15 22:19:06 +0800, BMP280, 26.416000, 1010.977966
2017-05-15 22:19:36 +0800, BMP280, 26.412989, 1010.983826
2017-05-15 22:20:06 +0800, BMP280, 26.411985, 1011.009277
2017-05-15 22:20:36 +0800, BMP280, 26.411985, 1010.944031
2017-05-15 22:21:06 +0800, BMP280, 26.409979, 1010.946167
2017-05-15 22:21:36 +0800, BMP280, 26.409979, 1010.962463
2017-05-15 22:22:06 +0800, BMP280, 26.412989, 1010.929382
2017-05-15 22:22:36 +0800, BMP280, 26.409979, 1010.929871
2017-05-15 22:23:06 +0800, BMP280, 26.403955, 1010.903564
2017-05-15 22:23:36 +0800, BMP280, 26.410982, 1010.931458
2017-05-15 22:24:06 +0800, BMP280, 26.410982, 1010.947815
2017-05-15 22:24:36 +0800, BMP280, 26.406967, 1010.935730
2017-05-15 22:25:06 +0800, BMP280, 26.405964, 1010.939514
2017-05-15 22:25:36 +0800, BMP280, 26.402952, 1010.907288
2017-05-15 22:26:06 +0800, BMP280, 26.403955, 1010.930786
2017-05-15 22:26:36 +0800, BMP280, 26.397934, 1010.915222
2017-05-15 22:27:06 +0800, BMP280, 26.402952, 1010.907288
2017-05-15 22:27:36 +0800, BMP280, 26.405964, 1010.944885
2017-05-15 22:28:06 +0800, BMP280, 26.401949, 1010.960022
2017-05-15 22:28:36 +0800, BMP280, 26.392916, 1010.928711
2017-05-15 22:29:06 +0800, BMP280, 26.394922, 1010.953735
2017-05-15 22:29:36 +0800, BMP280, 26.396931, 1010.940796
2017-05-15 22:30:06 +0800, BMP280, 26.387896, 1010.936584
2017-05-15 22:30:36 +0800, BMP280, 26.384886, 1010.969727
2017-05-15 22:31:07 +0800, BMP280, 26.379868, 1010.966675
2017-05-15 22:31:37 +0800, BMP280, 26.379868, 1010.993958
2017-05-15 22:32:07 +0800, BMP280, 26.381874, 1011.002686
2017-05-15 22:32:37 +0800, BMP280, 26.380871, 1010.984680
2017-05-15 22:33:07 +0800, BMP280, 26.374847, 1010.980103
2017-05-15 22:33:37 +0800, BMP280, 26.388901, 1010.976440
2017-05-15 22:34:07 +0800, BMP280, 26.390907, 1010.930786
2017-05-15 22:34:37 +0800, BMP280, 26.391911, 1010.943359
2017-05-15 22:35:07 +0800, BMP280, 26.387896, 1010.963806
2017-05-15 22:35:37 +0800, BMP280, 26.392916, 1010.999451
2017-05-15 22:36:07 +0800, BMP280, 26.392916, 1010.983032
2017-05-15 22:36:37 +0800, BMP280, 26.387896, 1010.980164
2017-05-15 22:37:07 +0800, BMP280, 26.384886, 1010.953430
2017-05-15 22:37:37 +0800, BMP280, 26.380871, 1010.957581
2017-05-15 22:38:07 +0800, BMP280, 26.375853, 1010.916565
2017-05-15 22:38:37 +0800, BMP280, 26.374847, 1010.931274
2017-05-15 22:39:07 +0800, BMP280, 26.370832, 1010.978882
2017-05-15 22:39:37 +0800, BMP280, 26.375853, 1010.970947
2017-05-15 22:40:07 +0800, BMP280, 26.373844, 1010.902405
2017-05-15 22:40:37 +0800, BMP280, 26.373844, 1010.902344
2017-05-15 22:41:07 +0800, BMP280, 26.378862, 1010.943298
2017-05-15 22:41:37 +0800, BMP280, 26.365814, 1010.954224
2017-05-15 22:42:07 +0800, BMP280, 26.368826, 1010.904846
2017-05-15 22:42:37 +0800, BMP280, 26.375853, 1010.927368
2017-05-15 22:43:07 +0800, BMP280, 26.366817, 1010.966797
2017-05-15 22:43:37 +0800, BMP280, 26.363808, 1010.945435
2017-05-15 22:44:07 +0800, BMP280, 26.379868, 1010.950500
2017-05-15 22:44:37 +0800, BMP280, 26.378862, 1010.926941
2017-05-15 22:45:07 +0800, BMP280, 26.378862, 1010.937866
2017-05-15 22:45:37 +0800, BMP280, 26.372841, 1010.916931
2017-05-15 22:46:07 +0800, BMP280, 26.366817, 1010.874329
2017-05-15 22:46:37 +0800, BMP280, 26.369829, 1010.933716
2017-05-15 22:47:07 +0800, BMP280, 26.368826, 1010.883179
2017-05-15 22:47:37 +0800, BMP280, 26.367823, 1010.908630
2017-05-15 22:48:07 +0800, BMP280, 26.371838, 1010.909851
2017-05-15 22:48:37 +0800, BMP280, 26.369829, 1010.884827
2017-05-15 22:49:07 +0800, BMP280, 26.362803, 1010.916504
2017-05-15 22:49:37 +0800, BMP280, 26.357784, 1010.929932
2017-05-15 22:50:07 +0800, BMP280, 26.354773, 1010.892334
2017-05-15 22:50:37 +0800, BMP280, 26.351763, 1010.909058
2017-05-15 22:51:07 +0800, BMP280, 26.348751, 1010.871460
2017-05-15 22:51:38 +0800, BMP280, 26.355778, 1010.910339
2017-05-15 22:52:08 +0800, BMP280, 26.355778, 1010.888550
2017-05-15 22:52:38 +0800, BMP280, 26.353769, 1010.874329
2017-05-15 22:53:08 +0800, BMP280, 26.349754, 1010.867615
2017-05-15 22:53:38 +0800, BMP280, 26.362803, 1010.862244
2017-05-15 22:54:08 +0800, BMP280, 26.358788, 1010.833801
2017-05-15 22:54:38 +0800, BMP280, 26.357784, 1010.815796
2017-05-15 22:55:08 +0800, BMP280, 26.355778, 1010.801514
2017-05-15 22:55:38 +0800, BMP280, 26.351763, 1010.838318
2017-05-15 22:56:08 +0800, BMP280, 26.350760, 1010.847595
2017-05-15 22:56:38 +0800, BMP280, 26.353769, 1010.836304
2017-05-15 22:57:08 +0800, BMP280, 26.361799, 1010.827942
2017-05-15 22:57:38 +0800, BMP280, 26.350760, 1010.842041
2017-05-15 22:58:08 +0800, BMP280, 26.359793, 1010.835388
2017-05-15 22:58:38 +0800, BMP280, 26.364811, 1010.832886
2017-05-15 22:59:08 +0800, BMP280, 26.361799, 1010.844177
2017-05-15 22:59:38 +0800, BMP280, 26.366817, 1010.847168
2017-05-15 23:00:08 +0800, BMP280, 26.360796, 1010.809875
2017-05-15 23:00:38 +0800, BMP280, 26.354773, 1010.794434
2017-05-15 23:01:08 +0800, BMP280, 26.348751, 1010.746399
2017-05-15 23:01:38 +0800, BMP280, 26.344736, 1010.750488
2017-05-15 23:02:08 +0800, BMP280, 26.344736, 1010.783264
2017-05-15 23:02:38 +0800, BMP280, 26.344736, 1010.755981
2017-05-15 23:03:08 +0800, BMP280, 26.342730, 1010.758179
2017-05-15 23:03:38 +0800, BMP280, 26.339718, 1010.764038
2017-05-15 23:04:08 +0800, BMP280, 26.340721, 1010.738464
2017-05-15 23:04:38 +0800, BMP280, 26.338715, 1010.756836
2017-05-15 23:05:08 +0800, BMP280, 26.342730, 1010.774353
2017-05-15 23:05:38 +0800, BMP280, 26.340721, 1010.781982
2017-05-15 23:06:08 +0800, BMP280, 26.338715, 1010.784119
2017-05-15 23:06:38 +0800, BMP280, 26.337709, 1010.825928
2017-05-15 23:07:08 +0800, BMP280, 26.330685, 1010.819702
2017-05-15 23:07:38 +0800, BMP280, 26.328676, 1010.810852
2017-05-15 23:08:08 +0800, BMP280, 26.327673, 1010.820007
2017-05-15 23:08:38 +0800, BMP280, 26.323658, 1010.786194
2017-05-15 23:09:08 +0800, BMP280, 26.326670, 1010.823792
2017-05-15 23:09:38 +0800, BMP280, 26.325666, 1010.827576
2017-05-15 23:10:08 +0800, BMP280, 26.326670, 1010.791138
2017-05-15 23:10:38 +0800, BMP280, 26.331688, 1010.804932
2017-05-15 23:11:08 +0800, BMP280, 26.329679, 1010.790771
2017-05-15 23:11:38 +0800, BMP280, 26.321651, 1010.782898
2017-05-15 23:12:09 +0800, BMP280, 26.323658, 1010.780823
2017-05-15 23:12:39 +0800, BMP280, 26.330685, 1010.776123
2017-05-15 23:13:09 +0800, BMP280, 26.328676, 1010.778259
2017-05-15 23:13:39 +0800, BMP280, 26.324661, 1010.766113
2017-05-15 23:14:09 +0800, BMP280, 26.323658, 1010.737244
2017-05-15 23:14:39 +0800, BMP280, 26.322655, 1010.735718
2017-05-15 23:15:09 +0800, BMP280, 26.324661, 1010.717224
2017-05-15 23:15:39 +0800, BMP280, 26.329679, 1010.741760
2017-05-15 23:16:09 +0800, BMP280, 26.322655, 1010.735596
2017-05-15 23:16:39 +0800, BMP280, 26.327673, 1010.716797
2017-05-15 23:17:09 +0800, BMP280, 26.330685, 1010.716248
2017-05-15 23:17:39 +0800, BMP280, 26.327673, 1010.705811
2017-05-15 23:18:09 +0800, BMP280, 26.319643, 1010.692505
2017-05-15 23:18:39 +0800, BMP280, 26.317636, 1010.678345
2017-05-15 23:19:09 +0800, BMP280, 26.318640, 1010.674561
2017-05-15 23:19:39 +0800, BMP280, 26.320646, 1010.645325
2017-05-15 23:20:09 +0800, BMP280, 26.322655, 1010.648621
2017-05-15 23:20:39 +0800, BMP280, 26.316631, 1010.622314
2017-05-15 23:21:09 +0800, BMP280, 26.320646, 1010.634338
2017-05-15 23:21:39 +0800, BMP280, 26.324661, 1010.630188
2017-05-15 23:22:09 +0800, BMP280, 26.333694, 1010.634399
2017-05-15 23:22:39 +0800, BMP280, 26.324661, 1010.641052
2017-05-15 23:23:09 +0800, BMP280, 26.319643, 1010.627258
2017-05-15 23:23:39 +0800, BMP280, 26.311613, 1010.565063
2017-05-15 23:24:09 +0800, BMP280, 26.312616, 1010.583008
2017-05-15 23:24:39 +0800, BMP280, 26.316631, 1010.600586
2017-05-15 23:25:09 +0800, BMP280, 26.314625, 1010.580872
2017-05-15 23:25:39 +0800, BMP280, 26.312616, 1010.577576
2017-05-15 23:26:09 +0800, BMP280, 26.307598, 1010.525818
2017-05-15 23:26:39 +0800, BMP280, 26.306595, 1010.556763
2017-05-15 23:27:09 +0800, BMP280, 26.311613, 1010.565002
2017-05-15 23:27:39 +0800, BMP280, 26.309607, 1010.545410
2017-05-15 23:28:09 +0800, BMP280, 26.304586, 1010.553345
2017-05-15 23:28:39 +0800, BMP280, 26.299568, 1010.534058
2017-05-15 23:29:09 +0800, BMP280, 26.300573, 1010.519409
2017-05-15 23:29:39 +0800, BMP280, 26.299568, 1010.550354
2017-05-15 23:30:09 +0800, BMP280, 26.303583, 1010.535339
2017-05-15 23:30:39 +0800, BMP280, 26.301577, 1010.504761
2017-05-15 23:31:09 +0800, BMP280, 26.306595, 1010.513245
2017-05-15 23:31:39 +0800, BMP280, 26.311613, 1010.510620
2017-05-15 23:32:09 +0800, BMP280, 26.306595, 1010.502319
2017-05-15 23:32:39 +0800, BMP280, 26.306595, 1010.496887
2017-05-15 23:33:10 +0800, BMP280, 26.311613, 1010.499817
2017-05-15 23:33:40 +0800, BMP280, 26.301577, 1010.515686
2017-05-15 23:34:10 +0800, BMP280, 26.298565, 1010.488831
2017-05-15 23:34:40 +0800, BMP280, 26.303583, 1010.486450
2017-05-15 23:35:10 +0800, BMP280, 26.299568, 1010.457886
2017-05-15 23:35:40 +0800, BMP280, 26.299568, 1010.463379
2017-05-15 23:36:10 +0800, BMP280, 26.305592, 1010.495178
2017-05-15 23:36:40 +0800, BMP280, 26.313622, 1010.497681
2017-05-15 23:37:10 +0800, BMP280, 26.306595, 1010.458862
2017-05-15 23:37:40 +0800, BMP280, 26.303583, 1010.470093
2017-05-15 23:38:10 +0800, BMP280, 26.308601, 1010.473083
2017-05-15 23:38:40 +0800, BMP280, 26.311613, 1010.483459
2017-05-15 23:39:10 +0800, BMP280, 26.309607, 1010.474731
2017-05-15 23:39:40 +0800, BMP280, 26.305592, 1010.435364
2017-05-15 23:40:10 +0800, BMP280, 26.298565, 1010.456238
2017-05-15 23:40:40 +0800, BMP280, 26.295553, 1010.473022
2017-05-15 23:41:10 +0800, BMP280, 26.300573, 1010.465027
2017-05-15 23:41:40 +0800, BMP280, 26.301577, 1010.466736
2017-05-15 23:42:10 +0800, BMP280, 26.296558, 1010.474609
2017-05-15 23:42:40 +0800, BMP280, 26.296558, 1010.458374
2017-05-15 23:43:10 +0800, BMP280, 26.290535, 1010.426575
2017-05-15 23:43:40 +0800, BMP280, 26.287523, 1010.454285
2017-05-15 23:44:10 +0800, BMP280, 26.289532, 1010.468445
2017-05-15 23:44:40 +0800, BMP280, 26.294550, 1010.449524
2017-05-15 23:45:10 +0800, BMP280, 26.291538, 1010.417419
2017-05-15 23:45:40 +0800, BMP280, 26.294550, 1010.427795
2017-05-15 23:46:10 +0800, BMP280, 26.290535, 1010.442871
2017-05-15 23:46:40 +0800, BMP280, 26.284513, 1010.465515
2017-05-15 23:47:10 +0800, BMP280, 26.278490, 1010.422791
2017-05-15 23:47:40 +0800, BMP280, 26.283508, 1010.409424
2017-05-15 23:48:10 +0800, BMP280, 26.282505, 1010.407776
2017-05-15 23:48:40 +0800, BMP280, 26.290535, 1010.404846
2017-05-15 23:49:10 +0800, BMP280, 26.287523, 1010.372742
2017-05-15 23:49:40 +0800, BMP280, 26.290535, 1010.383118
2017-05-15 23:50:10 +0800, BMP280, 26.292543, 1010.380981
2017-05-15 23:50:40 +0800, BMP280, 26.287523, 1010.372742
2017-05-15 23:51:10 +0800, BMP280, 26.290535, 1010.388550
2017-05-15 23:51:40 +0800, BMP280, 26.282505, 1010.358826
2017-05-15 23:52:10 +0800, BMP280, 26.285517, 1010.363892
2017-05-15 23:52:40 +0800, BMP280, 26.292543, 1010.342896
2017-05-15 23:53:10 +0800, BMP280, 26.294550, 1010.329895
2017-05-15 23:53:41 +0800, BMP280, 26.288528, 1010.336304
2017-05-15 23:54:11 +0800, BMP280, 26.295553, 1010.293518
2017-05-15 23:54:41 +0800, BMP280, 26.286520, 1010.267639
2017-05-15 23:55:11 +0800, BMP280, 26.279493, 1010.288635
2017-05-15 23:55:41 +0800, BMP280, 26.277487, 1010.279846
2017-05-15 23:56:11 +0800, BMP280, 26.280499, 1010.306519
2017-05-15 23:56:41 +0800, BMP280, 26.283508, 1010.300720
2017-05-15 23:57:11 +0800, BMP280, 26.280499, 1010.301147
2017-05-15 23:57:41 +0800, BMP280, 26.283508, 1010.295227
2017-05-15 23:58:11 +0800, BMP280, 26.279493, 1010.272217
2017-05-15 23:58:41 +0800, BMP280, 26.276484, 1010.283569
2017-05-15 23:59:11 +0800, BMP280, 26.272469, 1010.304077
2017-05-15 23:59:41 +0800, BMP280, 26.278490, 1010.232605
